  2.000000000000000E-003  2.000000000000000E-003 -0.304004352322723     
  2.000000000000000E-003  0.307153750000000      -0.317073944907745     
  2.000000000000000E-003  0.612307500000000      -0.324788036594509     
  2.000000000000000E-003  0.917461250000000      -0.328812146520949     
  2.000000000000000E-003   1.22261500000000      -0.331416913516633     
  2.000000000000000E-003   1.52776875000000      -0.331620399382241     
  2.000000000000000E-003   1.83292250000000      -0.328640557227496     
  2.000000000000000E-003   2.13807625000000      -0.322906643102818     
  2.000000000000000E-003   2.44323000000000      -0.316541227884824     
  2.000000000000000E-003   2.74838375000000      -0.307427783038665     
  2.000000000000000E-003   3.05353750000000      -0.296384968430155     
  2.000000000000000E-003   3.35869125000000      -0.286735641954879     
  2.000000000000000E-003   3.66384500000000      -0.271437055055129     
  2.000000000000000E-003   3.96899875000000      -0.256230617182575     
  2.000000000000000E-003   4.27415250000000      -0.234720982116886     
  2.000000000000000E-003   4.57930625000000      -0.205943536351098     
  2.000000000000000E-003   4.88446000000000      -0.179097636086413     
  2.000000000000000E-003   5.18961375000000      -0.157670178200114     
  2.000000000000000E-003   5.49476750000000      -0.141241928953948     
  2.000000000000000E-003   5.79992125000000      -0.129833392947520     
  2.000000000000000E-003   6.10507500000000      -0.122909864587912     
  2.000000000000000E-003   6.41022875000000      -0.119464513808282     
  2.000000000000000E-003   6.71538250000000      -0.117483957208168     
  2.000000000000000E-003   7.02053625000000      -0.112842962590206     
  2.000000000000000E-003   7.32569000000000      -0.106975484757988     
  0.307153750000000       2.000000000000000E-003 -0.317046206403014     
  0.307153750000000       0.307153750000000      -0.307172171668374     
  0.307153750000000       0.612307500000000      -0.332681657439967     
  0.307153750000000       0.917461250000000      -0.357375566777082     
  0.307153750000000        1.22261500000000      -0.368713945860417     
  0.307153750000000        1.52776875000000      -0.371138325402034     
  0.307153750000000        1.83292250000000      -0.367626105527473     
  0.307153750000000        2.13807625000000      -0.360053487109687     
  0.307153750000000        2.44323000000000      -0.351619920147700     
  0.307153750000000        2.74838375000000      -0.338736200976255     
  0.307153750000000        3.05353750000000      -0.319621883544544     
  0.307153750000000        3.35869125000000      -0.298345260303674     
  0.307153750000000        3.66384500000000      -0.279612425932368     
  0.307153750000000        3.96899875000000      -0.261744749915971     
  0.307153750000000        4.27415250000000      -0.239291291258947     
  0.307153750000000        4.57930625000000      -0.212193166149444     
  0.307153750000000        4.88446000000000      -0.186321108792059     
  0.307153750000000        5.18961375000000      -0.164989459753099     
  0.307153750000000        5.49476750000000      -0.148045748727891     
  0.307153750000000        5.79992125000000      -0.135667466894802     
  0.307153750000000        6.10507500000000      -0.127343540741533     
  0.307153750000000        6.41022875000000      -0.121976748491040     
  0.307153750000000        6.71538250000000      -0.117620840056494     
  0.307153750000000        7.02053625000000      -0.113266762979185     
  0.307153750000000        7.32569000000000      -0.107611731201208     
  0.612307500000000       2.000000000000000E-003 -0.324744732946674     
  0.612307500000000       0.307153750000000      -0.332652321569686     
  0.612307500000000       0.612307500000000      -0.358177044777223     
  0.612307500000000       0.917461250000000      -0.387065539256374     
  0.612307500000000        1.22261500000000      -0.403132802547394     
  0.612307500000000        1.52776875000000      -0.407736734183915     
  0.612307500000000        1.83292250000000      -0.403804136410442     
  0.612307500000000        2.13807625000000      -0.395340943719396     
  0.612307500000000        2.44323000000000      -0.384443472082538     
  0.612307500000000        2.74838375000000      -0.368615949764099     
  0.612307500000000        3.05353750000000      -0.344090566532699     
  0.612307500000000        3.35869125000000      -0.314016551557869     
  0.612307500000000        3.66384500000000      -0.285373242603275     
  0.612307500000000        3.96899875000000      -0.261384378110189     
  0.612307500000000        4.27415250000000      -0.237971178491144     
  0.612307500000000        4.57930625000000      -0.213465966576372     
  0.612307500000000        4.88446000000000      -0.190282965573352     
  0.612307500000000        5.18961375000000      -0.170421697550392     
  0.612307500000000        5.49476750000000      -0.153943752008842     
  0.612307500000000        5.79992125000000      -0.141207318425927     
  0.612307500000000        6.10507500000000      -0.132029419348389     
  0.612307500000000        6.41022875000000      -0.125461619537282     
  0.612307500000000        6.71538250000000      -0.120108701025383     
  0.612307500000000        7.02053625000000      -0.114227424091070     
  0.612307500000000        7.32569000000000      -0.106150764668353     
  0.917461250000000       2.000000000000000E-003 -0.328777099651270     
  0.917461250000000       0.307153750000000      -0.357347267431447     
  0.917461250000000       0.612307500000000      -0.387050950976647     
  0.917461250000000       0.917461250000000      -0.414197107340288     
  0.917461250000000        1.22261500000000      -0.431205323459479     
  0.917461250000000        1.52776875000000      -0.436893860438726     
  0.917461250000000        1.83292250000000      -0.432972454008917     
  0.917461250000000        2.13807625000000      -0.425355601981208     
  0.917461250000000        2.44323000000000      -0.412289114210492     
  0.917461250000000        2.74838375000000      -0.392417018222907     
  0.917461250000000        3.05353750000000      -0.365295982703777     
  0.917461250000000        3.35869125000000      -0.331679903275187     
  0.917461250000000        3.66384500000000      -0.297275679130604     
  0.917461250000000        3.96899875000000      -0.266539985674950     
  0.917461250000000        4.27415250000000      -0.239554829284933     
  0.917461250000000        4.57930625000000      -0.215245683353648     
  0.917461250000000        4.88446000000000      -0.193540833342064     
  0.917461250000000        5.18961375000000      -0.174722273934856     
  0.917461250000000        5.49476750000000      -0.158882110136311     
  0.917461250000000        5.79992125000000      -0.146090926743191     
  0.917461250000000        6.10507500000000      -0.136282549404358     
  0.917461250000000        6.41022875000000      -0.128665605540631     
  0.917461250000000        6.71538250000000      -0.122046833047783     
  0.917461250000000        7.02053625000000      -0.114827542244602     
  0.917461250000000        7.32569000000000      -0.106410240223056     
   1.22261500000000       2.000000000000000E-003 -0.331373366981225     
   1.22261500000000       0.307153750000000      -0.368674432471637     
   1.22261500000000       0.612307500000000      -0.403099997164058     
   1.22261500000000       0.917461250000000      -0.431184832307924     
   1.22261500000000        1.22261500000000      -0.449003144632123     
   1.22261500000000        1.52776875000000      -0.455424236752749     
   1.22261500000000        1.83292250000000      -0.453652571552086     
   1.22261500000000        2.13807625000000      -0.447141848098692     
   1.22261500000000        2.44323000000000      -0.432252368342466     
   1.22261500000000        2.74838375000000      -0.408534906235284     
   1.22261500000000        3.05353750000000      -0.377943795423364     
   1.22261500000000        3.35869125000000      -0.343142418769215     
   1.22261500000000        3.66384500000000      -0.307012509755818     
   1.22261500000000        3.96899875000000      -0.273251857699724     
   1.22261500000000        4.27415250000000      -0.243788592111555     
   1.22261500000000        4.57930625000000      -0.218523899643960     
   1.22261500000000        4.88446000000000      -0.196842231821850     
   1.22261500000000        5.18961375000000      -0.178391241193169     
   1.22261500000000        5.49476750000000      -0.162899747883308     
   1.22261500000000        5.79992125000000      -0.150084112842273     
   1.22261500000000        6.10507500000000      -0.139642361066937     
   1.22261500000000        6.41022875000000      -0.130915433101792     
   1.22261500000000        6.71538250000000      -0.123005148336533     
   1.22261500000000        7.02053625000000      -0.114989087242577     
   1.22261500000000        7.32569000000000      -0.106627767470165     
   1.52776875000000       2.000000000000000E-003 -0.331553475317268     
   1.52776875000000       0.307153750000000      -0.371072842649672     
   1.52776875000000       0.612307500000000      -0.407676362673530     
   1.52776875000000       0.917461250000000      -0.436845845592708     
   1.52776875000000        1.22261500000000      -0.455397269299149     
   1.52776875000000        1.52776875000000      -0.463597357333404     
   1.52776875000000        1.83292250000000      -0.465379004187202     
   1.52776875000000        2.13807625000000      -0.458486963153835     
   1.52776875000000        2.44323000000000      -0.441707375265507     
   1.52776875000000        2.74838375000000      -0.415862836429361     
   1.52776875000000        3.05353750000000      -0.383433713853283     
   1.52776875000000        3.35869125000000      -0.347597700745719     
   1.52776875000000        3.66384500000000      -0.311461710771100     
   1.52776875000000        3.96899875000000      -0.277594940781765     
   1.52776875000000        4.27415250000000      -0.247530852704467     
   1.52776875000000        4.57930625000000      -0.221675600922006     
   1.52776875000000        4.88446000000000      -0.199802341052760     
   1.52776875000000        5.18961375000000      -0.181460900024830     
   1.52776875000000        5.49476750000000      -0.166112168621161     
   1.52776875000000        5.79992125000000      -0.153188677099693     
   1.52776875000000        6.10507500000000      -0.142152176178437     
   1.52776875000000        6.41022875000000      -0.132456035243663     
   1.52776875000000        6.71538250000000      -0.123551420809450     
   1.52776875000000        7.02053625000000      -0.115000158574149     
   1.52776875000000        7.32569000000000      -0.106699586803576     
   1.83292250000000       2.000000000000000E-003 -0.328544693439172     
   1.83292250000000       0.307153750000000      -0.367529718608380     
   1.83292250000000       0.612307500000000      -0.403713693054173     
   1.83292250000000       0.917461250000000      -0.432896243258852     
   1.83292250000000        1.22261500000000      -0.453598323897597     
   1.83292250000000        1.52776875000000      -0.465351608701142     
   1.83292250000000        1.83292250000000      -0.467131123833091     
   1.83292250000000        2.13807625000000      -0.458338784104099     
   1.83292250000000        2.44323000000000      -0.439584198663148     
   1.83292250000000        2.74838375000000      -0.412782458878689     
   1.83292250000000        3.05353750000000      -0.380640532825544     
   1.83292250000000        3.35869125000000      -0.345987328117093     
   1.83292250000000        3.66384500000000      -0.311318043203881     
   1.83292250000000        3.96899875000000      -0.278581147372508     
   1.83292250000000        4.27415250000000      -0.249074581592922     
   1.83292250000000        4.57930625000000      -0.223441345623594     
   1.83292250000000        4.88446000000000      -0.201759370248847     
   1.83292250000000        5.18961375000000      -0.183658813622698     
   1.83292250000000        5.49476750000000      -0.168473510186811     
   1.83292250000000        5.79992125000000      -0.155448686752405     
   1.83292250000000        6.10507500000000      -0.143942708610573     
   1.83292250000000        6.41022875000000      -0.133521849934849     
   1.83292250000000        6.71538250000000      -0.123928331082340     
   1.83292250000000        7.02053625000000      -0.115024411093450     
   1.83292250000000        7.32569000000000      -0.106761968427692     
   2.13807625000000       2.000000000000000E-003 -0.322781899521547     
   2.13807625000000       0.307153750000000      -0.359928589120303     
   2.13807625000000       0.612307500000000      -0.395225221821672     
   2.13807625000000       0.917461250000000      -0.425256767977440     
   2.13807625000000        1.22261500000000      -0.447065799272182     
   2.13807625000000        1.52776875000000      -0.458437319595899     
   2.13807625000000        1.83292250000000      -0.458315777453005     
   2.13807625000000        2.13807625000000      -0.447172711145679     
   2.13807625000000        2.44323000000000      -0.426899309414920     
   2.13807625000000        2.74838375000000      -0.400178952914822     
   2.13807625000000        3.05353750000000      -0.369706430848883     
   2.13807625000000        3.35869125000000      -0.337694765332353     
   2.13807625000000        3.66384500000000      -0.305829763016350     
   2.13807625000000        3.96899875000000      -0.275440043717666     
   2.13807625000000        4.27415250000000      -0.247598115906856     
   2.13807625000000        4.57930625000000      -0.223072694124815     
   2.13807625000000        4.88446000000000      -0.202172621206851     
   2.13807625000000        5.18961375000000      -0.184644800543777     
   2.13807625000000        5.49476750000000      -0.169792214612540     
   2.13807625000000        5.79992125000000      -0.156786217280152     
   2.13807625000000        6.10507500000000      -0.144989441273067     
   2.13807625000000        6.41022875000000      -0.134104231416685     
   2.13807625000000        6.71538250000000      -0.124098830464671     
   2.13807625000000        7.02053625000000      -0.115019435479793     
   2.13807625000000        7.32569000000000      -0.106837909717140     
   2.44323000000000       2.000000000000000E-003 -0.316384708883844     
   2.44323000000000       0.307153750000000      -0.351467342981838     
   2.44323000000000       0.612307500000000      -0.384309549483177     
   2.44323000000000       0.917461250000000      -0.412177975043746     
   2.44323000000000        1.22261500000000      -0.432165147165316     
   2.44323000000000        1.52776875000000      -0.441645030242371     
   2.44323000000000        1.83292250000000      -0.439546241488596     
   2.44323000000000        2.13807625000000      -0.426882802782294     
   2.44323000000000        2.44323000000000      -0.406244910226263     
   2.44323000000000        2.74838375000000      -0.380702309852984     
   2.44323000000000        3.05353750000000      -0.352804167138368     
   2.44323000000000        3.35869125000000      -0.324183642073385     
   2.44323000000000        3.66384500000000      -0.295820568991795     
   2.44323000000000        3.96899875000000      -0.268510579305500     
   2.44323000000000        4.27415250000000      -0.243097656655589     
   2.44323000000000        4.57930625000000      -0.220381967607499     
   2.44323000000000        4.88446000000000      -0.200802494304736     
   2.44323000000000        5.18961375000000      -0.184193418117151     
   2.44323000000000        5.49476750000000      -0.169879161671011     
   2.44323000000000        5.79992125000000      -0.157049815471430     
   2.44323000000000        6.10507500000000      -0.145149467346406     
   2.44323000000000        6.41022875000000      -0.134033577931141     
   2.44323000000000        6.71538250000000      -0.123847433056799     
   2.44323000000000        7.02053625000000      -0.114772022333689     
   2.44323000000000        7.32569000000000      -0.106803574865247     
   2.74838375000000       2.000000000000000E-003 -0.307245013345694     
   2.74838375000000       0.307153750000000      -0.338565648326328     
   2.74838375000000       0.612307500000000      -0.368476376036108     
   2.74838375000000       0.917461250000000      -0.392307596957780     
   2.74838375000000        1.22261500000000      -0.408449261555602     
   2.74838375000000        1.52776875000000      -0.415798458179594     
   2.74838375000000        1.83292250000000      -0.412738404204795     
   2.74838375000000        2.13807625000000      -0.400153125318935     
   2.74838375000000        2.44323000000000      -0.380691319566087     
   2.74838375000000        2.74838375000000      -0.357403984644979     
   2.74838375000000        3.05353750000000      -0.332624505769307     
   2.74838375000000        3.35869125000000      -0.307594543410181     
   2.74838375000000        3.66384500000000      -0.282841272128015     
   2.74838375000000        3.96899875000000      -0.258801333064648     
   2.74838375000000        4.27415250000000      -0.236140980779123     
   2.74838375000000        4.57930625000000      -0.215624086714723     
   2.74838375000000        4.88446000000000      -0.197707951922316     
   2.74838375000000        5.18961375000000      -0.182256639688291     
   2.74838375000000        5.49476750000000      -0.168642034440789     
   2.74838375000000        5.79992125000000      -0.156140687904332     
   2.74838375000000        6.10507500000000      -0.144325210190688     
   2.74838375000000        6.41022875000000      -0.133185791139896     
   2.74838375000000        6.71538250000000      -0.122968811019386     
   2.74838375000000        7.02053625000000      -0.114091730946568     
   2.74838375000000        7.32569000000000      -0.106690272519131     
   3.05353750000000       2.000000000000000E-003 -0.296192937557848     
   3.05353750000000       0.307153750000000      -0.319459751221990     
   3.05353750000000       0.612307500000000      -0.343973466581797     
   3.05353750000000       0.917461250000000      -0.365206590595358     
   3.05353750000000        1.22261500000000      -0.377870555180755     
   3.05353750000000        1.52776875000000      -0.383375011947315     
   3.05353750000000        1.83292250000000      -0.380596803469584     
   3.05353750000000        2.13807625000000      -0.369676820650793     
   3.05353750000000        2.44323000000000      -0.352786743387633     
   3.05353750000000        2.74838375000000      -0.332616922492181     
   3.05353750000000        3.05353750000000      -0.311240823354634     
   3.05353750000000        3.35869125000000      -0.289705640991017     
   3.05353750000000        3.66384500000000      -0.268341464365099     
   3.05353750000000        3.96899875000000      -0.247409096341504     
   3.05353750000000        4.27415250000000      -0.227480033979179     
   3.05353750000000        4.57930625000000      -0.209253058686808     
   3.05353750000000        4.88446000000000      -0.193118436837662     
   3.05353750000000        5.18961375000000      -0.178920927213257     
   3.05353750000000        5.49476750000000      -0.166096268048717     
   3.05353750000000        5.79992125000000      -0.154053495485344     
   3.05353750000000        6.10507500000000      -0.142512850421202     
   3.05353750000000        6.41022875000000      -0.131516708983730     
   3.05353750000000        6.71538250000000      -0.121400114087231     
   3.05353750000000        7.02053625000000      -0.112992906066951     
   3.05353750000000        7.32569000000000      -0.106624262734461     
   3.35869125000000       2.000000000000000E-003 -0.286564056278630     
   3.35869125000000       0.307153750000000      -0.298224141558726     
   3.35869125000000       0.612307500000000      -0.313940918802164     
   3.35869125000000       0.917461250000000      -0.331618357313690     
   3.35869125000000        1.22261500000000      -0.343084519650258     
   3.35869125000000        1.52776875000000      -0.347546095236828     
   3.35869125000000        1.83292250000000      -0.345945901331592     
   3.35869125000000        2.13807625000000      -0.337663940157707     
   3.35869125000000        2.44323000000000      -0.324162534021997     
   3.35869125000000        2.74838375000000      -0.307581862000041     
   3.35869125000000        3.05353750000000      -0.289700006535017     
   3.35869125000000        3.35869125000000      -0.271480425398691     
   3.35869125000000        3.66384500000000      -0.253217425832536     
   3.35869125000000        3.96899875000000      -0.235118852339620     
   3.35869125000000        4.27415250000000      -0.217736513828175     
   3.35869125000000        4.57930625000000      -0.201701703279862     
   3.35869125000000        4.88446000000000      -0.187298771802927     
   3.35869125000000        5.18961375000000      -0.174337842945664     
   3.35869125000000        5.49476750000000      -0.162336715986365     
   3.35869125000000        5.79992125000000      -0.150866711883748     
   3.35869125000000        6.10507500000000      -0.139807124960510     
   3.35869125000000        6.41022875000000      -0.129206189807283     
   3.35869125000000        6.71538250000000      -0.119508974974162     
   3.35869125000000        7.02053625000000      -0.111971646516785     
   3.35869125000000        7.32569000000000      -0.106757317451446     
   3.66384500000000       2.000000000000000E-003 -0.271318834965464     
   3.66384500000000       0.307153750000000      -0.279514794418586     
   3.66384500000000       0.612307500000000      -0.285307716761591     
   3.66384500000000       0.917461250000000      -0.297220120011798     
   3.66384500000000        1.22261500000000      -0.306958687113174     
   3.66384500000000        1.52776875000000      -0.311411963501193     
   3.66384500000000        1.83292250000000      -0.311276846823822     
   3.66384500000000        2.13807625000000      -0.305797642054194     
   3.66384500000000        2.44323000000000      -0.295796879893321     
   3.66384500000000        2.74838375000000      -0.282825105719171     
   3.66384500000000        3.05353750000000      -0.268331831806431     
   3.66384500000000        3.35869125000000      -0.253213220728615     
   3.66384500000000        3.66384500000000      -0.237802027340687     
   3.66384500000000        3.96899875000000      -0.222320945351913     
   3.66384500000000        4.27415250000000      -0.207307878324963     
   3.66384500000000        4.57930625000000      -0.193306084246716     
   3.66384500000000        4.88446000000000      -0.180500392469176     
   3.66384500000000        5.18961375000000      -0.168694696987564     
   3.66384500000000        5.49476750000000      -0.157516736106120     
   3.66384500000000        5.79992125000000      -0.146713940307094     
   3.66384500000000        6.10507500000000      -0.136335329474021     
   3.66384500000000        6.41022875000000      -0.126480729689248     
   3.66384500000000        6.71538250000000      -0.117703898460252     
   3.66384500000000        7.02053625000000      -0.111380592574923     
   3.66384500000000        7.32569000000000      -0.106542959894746     
   3.96899875000000       2.000000000000000E-003 -0.256031595639288     
   3.96899875000000       0.307153750000000      -0.261571414546063     
   3.96899875000000       0.612307500000000      -0.261268551345968     
   3.96899875000000       0.917461250000000      -0.266458017241899     
   3.96899875000000        1.22261500000000      -0.273185956158364     
   3.96899875000000        1.52776875000000      -0.277539868396233     
   3.96899875000000        1.83292250000000      -0.278536855958901     
   3.96899875000000        2.13807625000000      -0.275405571673017     
   3.96899875000000        2.44323000000000      -0.268484685718196     
   3.96899875000000        2.74838375000000      -0.258782828463447     
   3.96899875000000        3.05353750000000      -0.247396875317333     
   3.96899875000000        3.35869125000000      -0.235111811397055     
   3.96899875000000        3.66384500000000      -0.222317958165587     
   3.96899875000000        3.96899875000000      -0.209298019086919     
   3.96899875000000        4.27415250000000      -0.196505553178313     
   3.96899875000000        4.57930625000000      -0.184355441526351     
   3.96899875000000        4.88446000000000      -0.172974489902647     
   3.96899875000000        5.18961375000000      -0.162215201460045     
   3.96899875000000        5.49476750000000      -0.151843012323738     
   3.96899875000000        5.79992125000000      -0.141767471436155     
   3.96899875000000        6.10507500000000      -0.132169080455455     
   3.96899875000000        6.41022875000000      -0.123252075416240     
   3.96899875000000        6.71538250000000      -0.115483304514506     
   3.96899875000000        7.02053625000000      -0.109515042569365     
   3.96899875000000        7.32569000000000      -0.104123155398895     
   4.27415250000000       2.000000000000000E-003 -0.234488276289308     
   4.27415250000000       0.307153750000000      -0.239073385619445     
   4.27415250000000       0.612307500000000      -0.237810702443064     
   4.27415250000000       0.917461250000000      -0.239443062099102     
   4.27415250000000        1.22261500000000      -0.243706832432918     
   4.27415250000000        1.52776875000000      -0.247467829685588     
   4.27415250000000        1.83292250000000      -0.249025912042671     
   4.27415250000000        2.13807625000000      -0.247561152816749     
   4.27415250000000        2.44323000000000      -0.243070234295081     
   4.27415250000000        2.74838375000000      -0.236121263306261     
   4.27415250000000        3.05353750000000      -0.227466485764015     
   4.27415250000000        3.35869125000000      -0.217727835053086     
   4.27415250000000        3.66384500000000      -0.207302955251266     
   4.27415250000000        3.96899875000000      -0.196503456532748     
   4.27415250000000        4.27415250000000      -0.185680955972012     
   4.27415250000000        4.57930625000000      -0.175134372016330     
   4.27415250000000        4.88446000000000      -0.164977925188145     
   4.27415250000000        5.18961375000000      -0.155153917524347     
   4.27415250000000        5.49476750000000      -0.145569375829416     
   4.27415250000000        5.79992125000000      -0.136252542326701     
   4.27415250000000        6.10507500000000      -0.127419055281301     
   4.27415250000000        6.41022875000000      -0.119345979573615     
   4.27415250000000        6.71538250000000      -0.112266009565590     
   4.27415250000000        7.02053625000000      -0.106385503465767     
   4.27415250000000        7.32569000000000      -0.101040161676654     
   4.57930625000000       2.000000000000000E-003 -0.205740239618450     
   4.57930625000000       0.307153750000000      -0.211994889870016     
   4.57930625000000       0.612307500000000      -0.213305491072761     
   4.57930625000000       0.917461250000000      -0.215127200345562     
   4.57930625000000        1.22261500000000      -0.218435501538414     
   4.57930625000000        1.52776875000000      -0.221608265789483     
   4.57930625000000        1.83292250000000      -0.223390427458226     
   4.57930625000000        2.13807625000000      -0.223034914327705     
   4.57930625000000        2.44323000000000      -0.220354498128728     
   4.57930625000000        2.74838375000000      -0.215604478979199     
   4.57930625000000        3.05353750000000      -0.209239330242675     
   4.57930625000000        3.35869125000000      -0.201692354574516     
   4.57930625000000        3.66384500000000      -0.193300033119557     
   4.57930625000000        3.96899875000000      -0.184351922140782     
   4.57930625000000        4.27415250000000      -0.175132831344400     
   4.57930625000000        4.57930625000000      -0.165885850784553     
   4.57930625000000        4.88446000000000      -0.156751763044176     
   4.57930625000000        5.18961375000000      -0.147772761671966     
   4.57930625000000        5.49476750000000      -0.138970906882984     
   4.57930625000000        5.79992125000000      -0.130437013829695     
   4.57930625000000        6.10507500000000      -0.122354803300532     
   4.57930625000000        6.41022875000000      -0.114931579091307     
   4.57930625000000        6.71538250000000      -0.108278206315680     
   4.57930625000000        7.02053625000000      -0.102394157244309     
   4.57930625000000        7.32569000000000      -9.692399249087028E-002
   4.88446000000000       2.000000000000000E-003 -0.178946393835677     
   4.88446000000000       0.307153750000000      -0.186170761129000     
   4.88446000000000       0.612307500000000      -0.190152701997222     
   4.88446000000000       0.917461250000000      -0.193435080435618     
   4.88446000000000        1.22261500000000      -0.196758547639570     
   4.88446000000000        1.52776875000000      -0.199737583488767     
   4.88446000000000        1.83292250000000      -0.201710662419139     
   4.88446000000000        2.13807625000000      -0.202137034603163     
   4.88446000000000        2.44323000000000      -0.200777042207482     
   4.88446000000000        2.74838375000000      -0.197689887297739     
   4.88446000000000        3.05353750000000      -0.193105553087550     
   4.88446000000000        3.35869125000000      -0.187289527093237     
   4.88446000000000        3.66384500000000      -0.180493837731628     
   4.88446000000000        3.96899875000000      -0.172970079213118     
   4.88446000000000        4.27415250000000      -0.164975308119297     
   4.88446000000000        4.57930625000000      -0.156750628256040     
   4.88446000000000        4.88446000000000      -0.148484935261843     
   4.88446000000000        5.18961375000000      -0.140303079628130     
   4.88446000000000        5.49476750000000      -0.132297026373531     
   4.88446000000000        5.79992125000000      -0.124568603737497     
   4.88446000000000        6.10507500000000      -0.117239501382702     
   4.88446000000000        6.41022875000000      -0.110414678201492     
   4.88446000000000        6.71538250000000      -0.104129818361563     
   4.88446000000000        7.02053625000000      -9.833196287486660E-002
   4.88446000000000        7.32569000000000      -9.288671931438650E-002
   5.18961375000000       2.000000000000000E-003 -0.157568583637702     
   5.18961375000000       0.307153750000000      -0.164885845186879     
   5.18961375000000       0.612307500000000      -0.170324643434981     
   5.18961375000000       0.917461250000000      -0.174637284991655     
   5.18961375000000        1.22261500000000      -0.178320720962014     
   5.18961375000000        1.52776875000000      -0.181405209308299     
   5.18961375000000        1.83292250000000      -0.183616864906128     
   5.18961375000000        2.13807625000000      -0.184614438096450     
   5.18961375000000        2.44323000000000      -0.184171931528305     
   5.18961375000000        2.74838375000000      -0.182241367795157     
   5.18961375000000        3.05353750000000      -0.178909741972789     
   5.18961375000000        3.35869125000000      -0.174329360296283     
   5.18961375000000        3.66384500000000      -0.168688203931968     
   5.18961375000000        3.96899875000000      -0.162210408178389     
   5.18961375000000        4.27415250000000      -0.155150683242315     
   5.18961375000000        4.57930625000000      -0.147770906019286     
   5.18961375000000        4.88446000000000      -0.140302320792584     
   5.18961375000000        5.18961375000000      -0.132917206162558     
   5.18961375000000        5.49476750000000      -0.125730406101303     
   5.18961375000000        5.79992125000000      -0.118819593176458     
   5.18961375000000        6.10507500000000      -0.112238666976547     
   5.18961375000000        6.41022875000000      -0.106014713046115     
   5.18961375000000        6.71538250000000      -0.100144300969866     
   5.18961375000000        7.02053625000000      -9.460672382018062E-002
   5.18961375000000        7.32569000000000      -8.938241133780211E-002
   5.49476750000000       2.000000000000000E-003 -0.141179926146011     
   5.49476750000000       0.307153750000000      -0.147980788497366     
   5.49476750000000       0.612307500000000      -0.153878799487049     
   5.49476750000000       0.917461250000000      -0.158821075310243     
   5.49476750000000        1.22261500000000      -0.162846617859154     
   5.49476750000000        1.52776875000000      -0.166069237912715     
   5.49476750000000        1.83292250000000      -0.168441032316366     
   5.49476750000000        2.13807625000000      -0.169768866604459     
   5.49476750000000        2.44323000000000      -0.169862762085348     
   5.49476750000000        2.74838375000000      -0.168630295682630     
   5.49476750000000        3.05353750000000      -0.166087370269494     
   5.49476750000000        3.35869125000000      -0.162329559068646     
   5.49476750000000        3.66384500000000      -0.157510869650766     
   5.49476750000000        3.96899875000000      -0.151838371339978     
   5.49476750000000        4.27415250000000      -0.145565992214962     
   5.49476750000000        4.57930625000000      -0.138968721623446     
   5.49476750000000        4.88446000000000      -0.132295841010187     
   5.49476750000000        5.18961375000000      -0.125729941462253     
   5.49476750000000        5.49476750000000      -0.119375722069205     
   5.49476750000000        5.79992125000000      -0.113274853373234     
   5.49476750000000        6.10507500000000      -0.107426294382895     
   5.49476750000000        6.41022875000000      -0.101800550882234     
   5.49476750000000        6.71538250000000      -9.637704361812346E-002
   5.49476750000000        7.02053625000000      -9.119878709069765E-002
   5.49476750000000        7.32569000000000      -8.632387922961987E-002
   5.79992125000000       2.000000000000000E-003 -0.129800046362464     
   5.79992125000000       0.307153750000000      -0.135631478569879     
   5.79992125000000       0.612307500000000      -0.141168680893845     
   5.79992125000000       0.917461250000000      -0.146051825149094     
   5.79992125000000        1.22261500000000      -0.150048056325901     
   5.79992125000000        1.52776875000000      -0.153158594351044     
   5.79992125000000        1.83292250000000      -0.155425782165421     
   5.79992125000000        2.13807625000000      -0.156769879386550     
   5.79992125000000        2.44323000000000      -0.157038455065284     
   5.79992125000000        2.74838375000000      -0.156132515490673     
   5.79992125000000        3.05353750000000      -0.154047091358392     
   5.79992125000000        3.35869125000000      -0.150861267720937     
   5.79992125000000        3.66384500000000      -0.146709192592470     
   5.79992125000000        3.96899875000000      -0.141763468782747     
   5.79992125000000        4.27415250000000      -0.136249402297968     
   5.79992125000000        4.57930625000000      -0.130434775356160     
   5.79992125000000        4.88446000000000      -0.124567184275229     
   5.79992125000000        5.18961375000000      -0.118818819150380     
   5.79992125000000        5.49476750000000      -0.113274533243806     
   5.79992125000000        5.79992125000000      -0.107951579895272     
   5.79992125000000        6.10507500000000      -0.102822379436473     
   5.79992125000000        6.41022875000000      -9.787929311437893E-002
   5.79992125000000        6.71538250000000      -9.307853654171440E-002
   5.79992125000000        7.02053625000000      -8.841219495912540E-002
   5.79992125000000        7.32569000000000      -8.395258151645932E-002
   6.10507500000000       2.000000000000000E-003 -0.122889749998548     
   6.10507500000000       0.307153750000000      -0.127322554001251     
   6.10507500000000       0.612307500000000      -0.132006483418162     
   6.10507500000000       0.917461250000000      -0.136258072323975     
   6.10507500000000        1.22261500000000      -0.139618798241556     
   6.10507500000000        1.52776875000000      -0.142132168636784     
   6.10507500000000        1.83292250000000      -0.143927383346521     
   6.10507500000000        2.13807625000000      -0.144978619683801     
   6.10507500000000        2.44323000000000      -0.145142066407474     
   6.10507500000000        2.74838375000000      -0.144319930299504     
   6.10507500000000        3.05353750000000      -0.142508672318240     
   6.10507500000000        3.35869125000000      -0.139803472435687     
   6.10507500000000        3.66384500000000      -0.136331986545261     
   6.10507500000000        3.96899875000000      -0.132166027813087     
   6.10507500000000        4.27415250000000      -0.127416359265687     
   6.10507500000000        4.57930625000000      -0.122352569825891     
   6.10507500000000        4.88446000000000      -0.117237826520060     
   6.10507500000000        5.18961375000000      -0.112237553055919     
   6.10507500000000        5.49476750000000      -0.107425651156955     
   6.10507500000000        5.79992125000000      -0.102822086123400     
   6.10507500000000        6.10507500000000      -9.849286186621270E-002
   6.10507500000000        6.41022875000000      -9.437278587781647E-002
   6.10507500000000        6.71538250000000      -9.030788520579446E-002
   6.10507500000000        7.02053625000000      -8.622158183874817E-002
   6.10507500000000        7.32569000000000      -8.221395256736554E-002
   6.41022875000000       2.000000000000000E-003 -0.119436109122906     
   6.41022875000000       0.307153750000000      -0.121953011304768     
   6.41022875000000       0.612307500000000      -0.125443412535339     
   6.41022875000000       0.917461250000000      -0.128648517677078     
   6.41022875000000        1.22261500000000      -0.130899075793273     
   6.41022875000000        1.52776875000000      -0.132442180138441     
   6.41022875000000        1.83292250000000      -0.133511324863788     
   6.41022875000000        2.13807625000000      -0.134096791407171     
   6.41022875000000        2.44323000000000      -0.134028492007795     
   6.41022875000000        2.74838375000000      -0.133182176504174     
   6.41022875000000        3.05353750000000      -0.131513796062481     
   6.41022875000000        3.35869125000000      -0.129203720492130     
   6.41022875000000        3.66384500000000      -0.126478742384136     
   6.41022875000000        3.96899875000000      -0.123250117225161     
   6.41022875000000        4.27415250000000      -0.119343649289405     
   6.41022875000000        4.57930625000000      -0.114929107679213     
   6.41022875000000        4.88446000000000      -0.110412482118015     
   6.41022875000000        5.18961375000000      -0.106013060032685     
   6.41022875000000        5.49476750000000      -0.101799466177207     
   6.41022875000000        5.79992125000000      -9.787866452092352E-002
   6.41022875000000        6.10507500000000      -9.437246812041826E-002
   6.41022875000000        6.41022875000000      -9.112450921862637E-002
   6.41022875000000        6.71538250000000      -8.786740432737915E-002
   6.41022875000000        7.02053625000000      -8.439973281747944E-002
   6.41022875000000        7.32569000000000      -8.089095159758485E-002
   6.71538250000000       2.000000000000000E-003 -0.117430499469476     
   6.71538250000000       0.307153750000000      -0.117585630150806     
   6.71538250000000       0.612307500000000      -0.120092764164111     
   6.71538250000000       0.917461250000000      -0.122034482753778     
   6.71538250000000        1.22261500000000      -0.122993038378502     
   6.71538250000000        1.52776875000000      -0.123540940526570     
   6.71538250000000        1.83292250000000      -0.123920285386192     
   6.71538250000000        2.13807625000000      -0.124092872501414     
   6.71538250000000        2.44323000000000      -0.123842995264966     
   6.71538250000000        2.74838375000000      -0.122965070220954     
   6.71538250000000        3.05353750000000      -0.121396465179141     
   6.71538250000000        3.35869125000000      -0.119506080754508     
   6.71538250000000        3.66384500000000      -0.117702514787535     
   6.71538250000000        3.96899875000000      -0.115481792984832     
   6.71538250000000        4.27415250000000      -0.112263074085335     
   6.71538250000000        4.57930625000000      -0.108274657078150     
   6.71538250000000        4.88446000000000      -0.104126588423166     
   6.71538250000000        5.18961375000000      -0.100141818498545     
   6.71538250000000        5.49476750000000      -9.637538114372524E-002
   6.71538250000000        5.79992125000000      -9.307751383222213E-002
   6.71538250000000        6.10507500000000      -9.030709728702328E-002
   6.71538250000000        6.41022875000000      -8.786655132476164E-002
   6.71538250000000        6.71538250000000      -8.538529698635262E-002
   6.71538250000000        7.02053625000000      -8.254956590213007E-002
   6.71538250000000        7.32569000000000      -7.964102203773384E-002
   7.02053625000000       2.000000000000000E-003 -0.112804148896178     
   7.02053625000000       0.307153750000000      -0.113247525194012     
   7.02053625000000       0.612307500000000      -0.114223652567059     
   7.02053625000000       0.917461250000000      -0.114821374952307     
   7.02053625000000        1.22261500000000      -0.114980730359813     
   7.02053625000000        1.52776875000000      -0.114992050138100     
   7.02053625000000        1.83292250000000      -0.115017600617949     
   7.02053625000000        2.13807625000000      -0.115013837201945     
   7.02053625000000        2.44323000000000      -0.114767058085546     
   7.02053625000000        2.74838375000000      -0.114086551057972     
   7.02053625000000        3.05353750000000      -0.112987248586895     
   7.02053625000000        3.35869125000000      -0.111966982843990     
   7.02053625000000        3.66384500000000      -0.111378960870391     
   7.02053625000000        3.96899875000000      -0.109512157631020     
   7.02053625000000        4.27415250000000      -0.106379813006797     
   7.02053625000000        4.57930625000000      -0.102388100955900     
   7.02053625000000        4.88446000000000      -9.832704997831763E-002
   7.02053625000000        5.18961375000000      -9.460317886269512E-002
   7.02053625000000        5.49476750000000      -9.119647106020175E-002
   7.02053625000000        5.79992125000000      -8.841072968716462E-002
   7.02053625000000        6.10507500000000      -8.622022269450755E-002
   7.02053625000000        6.41022875000000      -8.439739003655765E-002
   7.02053625000000        6.71538250000000      -8.254610188468810E-002
   7.02053625000000        7.02053625000000      -8.061750303532073E-002
   7.02053625000000        7.32569000000000      -7.834069151371827E-002
   7.32569000000000       2.000000000000000E-003 -0.106974424373304     
   7.32569000000000       0.307153750000000      -0.107614260272648     
   7.32569000000000       0.612307500000000      -0.106152464702144     
   7.32569000000000       0.917461250000000      -0.106407998379221     
   7.32569000000000        1.22261500000000      -0.106623033162933     
   7.32569000000000        1.52776875000000      -0.106693897913115     
   7.32569000000000        1.83292250000000      -0.106756232775631     
   7.32569000000000        2.13807625000000      -0.106832481483343     
   7.32569000000000        2.44323000000000      -0.106797999284861     
   7.32569000000000        2.74838375000000      -0.106684252309808     
   7.32569000000000        3.05353750000000      -0.106618187595115     
   7.32569000000000        3.35869125000000      -0.106752675006913     
   7.32569000000000        3.66384500000000      -0.106539734172587     
   7.32569000000000        3.96899875000000      -0.104116105720518     
   7.32569000000000        4.27415250000000      -0.101030333607051     
   7.32569000000000        4.57930625000000      -9.691502608504510E-002
   7.32569000000000        4.88446000000000      -9.288000933600644E-002
   7.32569000000000        5.18961375000000      -8.937786017913936E-002
   7.32569000000000        5.49476750000000      -8.632092698383723E-002
   7.32569000000000        5.79992125000000      -8.395067543177502E-002
   7.32569000000000        6.10507500000000      -8.221221834741391E-002
   7.32569000000000        6.41022875000000      -8.088797074763376E-002
   7.32569000000000        6.71538250000000      -7.963558271502441E-002
   7.32569000000000        7.02053625000000      -7.833608689195282E-002
   7.32569000000000        7.32569000000000      -7.619374107780928E-002
