  2.000000000000000E-003  2.000000000000000E-003 -0.130796044744543     
  2.000000000000000E-003  0.307153750000000      -0.136572689803346     
  2.000000000000000E-003  0.612307500000000      -0.139790877850437     
  2.000000000000000E-003  0.917461250000000      -0.141730082013482     
  2.000000000000000E-003   1.22261500000000      -0.144081565053727     
  2.000000000000000E-003   1.52776875000000      -0.147562053929875     
  2.000000000000000E-003   1.83292250000000      -0.152383815915646     
  2.000000000000000E-003   2.13807625000000      -0.158535622413757     
  2.000000000000000E-003   2.44323000000000      -0.165839162142631     
  2.000000000000000E-003   2.74838375000000      -0.174039583628971     
  2.000000000000000E-003   3.05353750000000      -0.181002137460190     
  2.000000000000000E-003   3.35869125000000      -0.182792298294978     
  2.000000000000000E-003   3.66384500000000      -0.180809038930669     
  2.000000000000000E-003   3.96899875000000      -0.182824366004817     
  2.000000000000000E-003   4.27415250000000      -0.181056207827886     
  2.000000000000000E-003   4.57930625000000      -0.174088628408835     
  2.000000000000000E-003   4.88446000000000      -0.165882262136183     
  2.000000000000000E-003   5.18961375000000      -0.158584192184133     
  2.000000000000000E-003   5.49476750000000      -0.152449796070181     
  2.000000000000000E-003   5.79992125000000      -0.147662778059267     
  2.000000000000000E-003   6.10507500000000      -0.144234977578732     
  2.000000000000000E-003   6.41022875000000      -0.141948977344390     
  2.000000000000000E-003   6.71538250000000      -0.140070599444076     
  2.000000000000000E-003   7.02053625000000      -0.136858872288161     
  2.000000000000000E-003   7.32569000000000      -0.131023896480981     
  0.307153750000000       2.000000000000000E-003 -0.136562597106541     
  0.307153750000000       0.307153750000000      -0.139661302440022     
  0.307153750000000       0.612307500000000      -0.145079521024271     
  0.307153750000000       0.917461250000000      -0.149959566810190     
  0.307153750000000        1.22261500000000      -0.154109579131995     
  0.307153750000000        1.52776875000000      -0.158796691580901     
  0.307153750000000        1.83292250000000      -0.164535866020438     
  0.307153750000000        2.13807625000000      -0.171297301935888     
  0.307153750000000        2.44323000000000      -0.178562564698991     
  0.307153750000000        2.74838375000000      -0.185482082871316     
  0.307153750000000        3.05353750000000      -0.189453581958422     
  0.307153750000000        3.35869125000000      -0.187844695284377     
  0.307153750000000        3.66384500000000      -0.184827350372492     
  0.307153750000000        3.96899875000000      -0.187878542419505     
  0.307153750000000        4.27415250000000      -0.189503711965378     
  0.307153750000000        4.57930625000000      -0.185528236385822     
  0.307153750000000        4.88446000000000      -0.178604087277228     
  0.307153750000000        5.18961375000000      -0.171344289954836     
  0.307153750000000        5.49476750000000      -0.164599235180096     
  0.307153750000000        5.79992125000000      -0.158892155484012     
  0.307153750000000        6.10507500000000      -0.154252467505294     
  0.307153750000000        6.41022875000000      -0.150155840698837     
  0.307153750000000        6.71538250000000      -0.145308597518651     
  0.307153750000000        7.02053625000000      -0.139888958786098     
  0.307153750000000        7.32569000000000      -0.136846728865061     
  0.612307500000000       2.000000000000000E-003 -0.139776155486649     
  0.612307500000000       0.307153750000000      -0.145070475291326     
  0.612307500000000       0.612307500000000      -0.151479812884000     
  0.612307500000000       0.917461250000000      -0.158138375604556     
  0.612307500000000        1.22261500000000      -0.164245867257971     
  0.612307500000000        1.52776875000000      -0.170557763490745     
  0.612307500000000        1.83292250000000      -0.177554535716254     
  0.612307500000000        2.13807625000000      -0.185129865531357     
  0.612307500000000        2.44323000000000      -0.192555389302042     
  0.612307500000000        2.74838375000000      -0.198694780422219     
  0.612307500000000        3.05353750000000      -0.201119205399672     
  0.612307500000000        3.35869125000000      -0.198866255174042     
  0.612307500000000        3.66384500000000      -0.196511255078292     
  0.612307500000000        3.96899875000000      -0.198893261595751     
  0.612307500000000        4.27415250000000      -0.201158305734974     
  0.612307500000000        4.57930625000000      -0.198733249454170     
  0.612307500000000        4.88446000000000      -0.192592936948472     
  0.612307500000000        5.18961375000000      -0.185173577504145     
  0.612307500000000        5.49476750000000      -0.177612541517643     
  0.612307500000000        5.79992125000000      -0.170640598669170     
  0.612307500000000        6.10507500000000      -0.164362126952146     
  0.612307500000000        6.41022875000000      -0.158287850124097     
  0.612307500000000        6.71538250000000      -0.151655699036671     
  0.612307500000000        7.02053625000000      -0.145298419808893     
  0.612307500000000        7.32569000000000      -0.140053557739086     
  0.917461250000000       2.000000000000000E-003 -0.141720177388235     
  0.917461250000000       0.307153750000000      -0.149952070071423     
  0.917461250000000       0.612307500000000      -0.158134853736618     
  0.917461250000000       0.917461250000000      -0.166380990056485     
  0.917461250000000        1.22261500000000      -0.174507198434883     
  0.917461250000000        1.52776875000000      -0.182801510695891     
  0.917461250000000        1.83292250000000      -0.191527058407510     
  0.917461250000000        2.13807625000000      -0.200545846403905     
  0.917461250000000        2.44323000000000      -0.209110096397102     
  0.917461250000000        2.74838375000000      -0.216213682828904     
  0.917461250000000        3.05353750000000      -0.220387208471213     
  0.917461250000000        3.35869125000000      -0.221194796234519     
  0.917461250000000        3.66384500000000      -0.220865487107971     
  0.917461250000000        3.96899875000000      -0.221212424537692     
  0.917461250000000        4.27415250000000      -0.220414360947140     
  0.917461250000000        4.57930625000000      -0.216243356667614     
  0.917461250000000        4.88446000000000      -0.209142421306841     
  0.917461250000000        5.18961375000000      -0.200584945939000     
  0.917461250000000        5.49476750000000      -0.191578334916385     
  0.917461250000000        5.79992125000000      -0.182870891958451     
  0.917461250000000        6.10507500000000      -0.174599665837552     
  0.917461250000000        6.41022875000000      -0.166498775174198     
  0.917461250000000        6.71538250000000      -0.158284327288544     
  0.917461250000000        7.02053625000000      -0.150147902937944     
  0.917461250000000        7.32569000000000      -0.141938217622612     
   1.22261500000000       2.000000000000000E-003 -0.144070740670728     
   1.22261500000000       0.307153750000000      -0.154100009643136     
   1.22261500000000       0.612307500000000      -0.164237964129433     
   1.22261500000000       0.917461250000000      -0.174502142576344     
   1.22261500000000        1.22261500000000      -0.184872799922842     
   1.22261500000000        1.52776875000000      -0.195455435274530     
   1.22261500000000        1.83292250000000      -0.206394807227832     
   1.22261500000000        2.13807625000000      -0.217474838825005     
   1.22261500000000        2.44323000000000      -0.227958934992547     
   1.22261500000000        2.74838375000000      -0.236982526509494     
   1.22261500000000        3.05353750000000      -0.243645190887977     
   1.22261500000000        3.35869125000000      -0.247408906044083     
   1.22261500000000        3.66384500000000      -0.248539605591002     
   1.22261500000000        3.96899875000000      -0.247419658021734     
   1.22261500000000        4.27415250000000      -0.243663143850265     
   1.22261500000000        4.57930625000000      -0.237004901259269     
   1.22261500000000        4.88446000000000      -0.227985762575173     
   1.22261500000000        5.18961375000000      -0.217508430452825     
   1.22261500000000        5.49476750000000      -0.206438569364840     
   1.22261500000000        5.79992125000000      -0.195512678331146     
   1.22261500000000        6.10507500000000      -0.184946406297527     
   1.22261500000000        6.41022875000000      -0.174594823143339     
   1.22261500000000        6.71538250000000      -0.164354582839874     
   1.22261500000000        7.02053625000000      -0.154243240647765     
   1.22261500000000        7.32569000000000      -0.144224412451640     
   1.52776875000000       2.000000000000000E-003 -0.147544049323318     
   1.52776875000000       0.307153750000000      -0.158779324469395     
   1.52776875000000       0.612307500000000      -0.170541807209228     
   1.52776875000000       0.917461250000000      -0.182788709805469     
   1.52776875000000        1.22261500000000      -0.195448103005157     
   1.52776875000000        1.52776875000000      -0.208508816936760     
   1.52776875000000        1.83292250000000      -0.221960975090419     
   1.52776875000000        2.13807625000000      -0.235343151929306     
   1.52776875000000        2.44323000000000      -0.248004530511774     
   1.52776875000000        2.74838375000000      -0.259144067741354     
   1.52776875000000        3.05353750000000      -0.267870883744982     
   1.52776875000000        3.35869125000000      -0.273404281629914     
   1.52776875000000        3.66384500000000      -0.275292286289400     
   1.52776875000000        3.96899875000000      -0.273411004653012     
   1.52776875000000        4.27415250000000      -0.267883120784796     
   1.52776875000000        4.57930625000000      -0.259160754358187     
   1.52776875000000        4.88446000000000      -0.248025877600744     
   1.52776875000000        5.18961375000000      -0.235370697021189     
   1.52776875000000        5.49476750000000      -0.221996832198476     
   1.52776875000000        5.79992125000000      -0.208554870623204     
   1.52776875000000        6.10507500000000      -0.195505510355317     
   1.52776875000000        6.41022875000000      -0.182858478688527     
   1.52776875000000        6.71538250000000      -0.170625242310660     
   1.52776875000000        7.02053625000000      -0.158875524272149     
   1.52776875000000        7.32569000000000      -0.147645550960577     
   1.83292250000000       2.000000000000000E-003 -0.152354723078885     
   1.83292250000000       0.307153750000000      -0.164507138443939     
   1.83292250000000       0.612307500000000      -0.177527984139604     
   1.83292250000000       0.917461250000000      -0.191504923909729     
   1.83292250000000        1.22261500000000      -0.206379225030006     
   1.83292250000000        1.52776875000000      -0.221953212948743     
   1.83292250000000        1.83292250000000      -0.237802027340687     
   1.83292250000000        2.13807625000000      -0.253368625774431     
   1.83292250000000        2.44323000000000      -0.268014820166434     
   1.83292250000000        2.74838375000000      -0.280965525328546     
   1.83292250000000        3.05353750000000      -0.291274062730501     
   1.83292250000000        3.35869125000000      -0.297957382768521     
   1.83292250000000        3.66384500000000      -0.300276417040516     
   1.83292250000000        3.96899875000000      -0.297961707360947     
   1.83292250000000        4.27415250000000      -0.291282314957225     
   1.83292250000000        4.57930625000000      -0.280977460101851     
   1.83292250000000        4.88446000000000      -0.268030917051916     
   1.83292250000000        5.18961375000000      -0.253390056303599     
   1.83292250000000        5.49476750000000      -0.237830212231853     
   1.83292250000000        5.79992125000000      -0.221989127813077     
   1.83292250000000        6.10507500000000      -0.206423197245864     
   1.83292250000000        6.41022875000000      -0.191556609001712     
   1.83292250000000        6.71538250000000      -0.177586603844360     
   1.83292250000000        7.02053625000000      -0.164571285751087     
   1.83292250000000        7.32569000000000      -0.152421555333589     
   2.13807625000000       2.000000000000000E-003 -0.158493030253864     
   2.13807625000000       0.307153750000000      -0.171255476012544     
   2.13807625000000       0.612307500000000      -0.185092264340273     
   2.13807625000000       0.917461250000000      -0.200514957664045     
   2.13807625000000        1.22261500000000      -0.217452078498016     
   2.13807625000000        1.52776875000000      -0.235328961263745     
   2.13807625000000        1.83292250000000      -0.253362373655614     
   2.13807625000000        2.13807625000000      -0.270805772954754     
   2.13807625000000        2.44323000000000      -0.286994247534031     
   2.13807625000000        2.74838375000000      -0.301203962298454     
   2.13807625000000        3.05353750000000      -0.312507094189280     
   2.13807625000000        3.35869125000000      -0.319851845412181     
   2.13807625000000        3.66384500000000      -0.322403696252713     
   2.13807625000000        3.96899875000000      -0.319854467578031     
   2.13807625000000        4.27415250000000      -0.312512313339231     
   2.13807625000000        4.57930625000000      -0.301211931261774     
   2.13807625000000        4.88446000000000      -0.287005627881580     
   2.13807625000000        5.18961375000000      -0.270821632440208     
   2.13807625000000        5.49476750000000      -0.253383769955943     
   2.13807625000000        5.79992125000000      -0.235356512635960     
   2.13807625000000        6.10507500000000      -0.217485807441967     
   2.13807625000000        6.41022875000000      -0.200554364060638     
   2.13807625000000        6.71538250000000      -0.185136425179821     
   2.13807625000000        7.02053625000000      -0.171303032270559     
   2.13807625000000        7.32569000000000      -0.158542256434709     
   2.44323000000000       2.000000000000000E-003 -0.165780265393520     
   2.44323000000000       0.307153750000000      -0.178505899950433     
   2.44323000000000       0.612307500000000      -0.192507641838471     
   2.44323000000000       0.917461250000000      -0.209072945480013     
   2.44323000000000        1.22261500000000      -0.227931910307582     
   2.44323000000000        1.52776875000000      -0.247986727892687     
   2.44323000000000        1.83292250000000      -0.268004909306032     
   2.44323000000000        2.13807625000000      -0.286990364386971     
   2.44323000000000        2.44323000000000      -0.304233633721614     
   2.44323000000000        2.74838375000000      -0.319106771906081     
   2.44323000000000        3.05353750000000      -0.330814842188503     
   2.44323000000000        3.35869125000000      -0.338385010717650     
   2.44323000000000        3.66384500000000      -0.341008753423426     
   2.44323000000000        3.96899875000000      -0.338386445968003     
   2.44323000000000        4.27415250000000      -0.330817822880760     
   2.44323000000000        4.57930625000000      -0.319111665960360     
   2.44323000000000        4.88446000000000      -0.304241219664745     
   2.44323000000000        5.18961375000000      -0.287001629684857     
   2.44323000000000        5.49476750000000      -0.268020868937031     
   2.44323000000000        5.79992125000000      -0.248007970954364     
   2.44323000000000        6.10507500000000      -0.227958729240628     
   2.44323000000000        6.41022875000000      -0.209105368992716     
   2.44323000000000        6.71538250000000      -0.192545349036513     
   2.44323000000000        7.02053625000000      -0.178547624816299     
   2.44323000000000        7.32569000000000      -0.165823677463418     
   2.74838375000000       2.000000000000000E-003 -0.173964619377234     
   2.74838375000000       0.307153750000000      -0.185411788936149     
   2.74838375000000       0.612307500000000      -0.198639629783440     
   2.74838375000000       0.917461250000000      -0.216174433391448     
   2.74838375000000        1.22261500000000      -0.236955311101208     
   2.74838375000000        1.52776875000000      -0.259126065269731     
   2.74838375000000        1.83292250000000      -0.280954797905248     
   2.74838375000000        2.13807625000000      -0.301198579331964     
   2.74838375000000        2.44323000000000      -0.319104854317336     
   2.74838375000000        2.74838375000000      -0.334171571146601     
   2.74838375000000        3.05353750000000      -0.345839054103819     
   2.74838375000000        3.35869125000000      -0.353343665329151     
   2.74838375000000        3.66384500000000      -0.355947133061372     
   2.74838375000000        3.96899875000000      -0.353344306728288     
   2.74838375000000        4.27415250000000      -0.345840537333490     
   2.74838375000000        4.57930625000000      -0.334174315444373     
   2.74838375000000        4.88446000000000      -0.319109596213641     
   2.74838375000000        5.18961375000000      -0.301206281650727     
   2.74838375000000        5.49476750000000      -0.280966447409580     
   2.74838375000000        5.79992125000000      -0.259142506808782     
   2.74838375000000        6.10507500000000      -0.236977504335967     
   2.74838375000000        6.41022875000000      -0.216203925649106     
   2.74838375000000        6.71538250000000      -0.198677846035983     
   2.74838375000000        7.02053625000000      -0.185457596774454     
   2.74838375000000        7.32569000000000      -0.174013482543415     
   3.05353750000000       2.000000000000000E-003 -0.180918239998056     
   3.05353750000000       0.307153750000000      -0.189379696338275     
   3.05353750000000       0.612307500000000      -0.201067577854181     
   3.05353750000000       0.917461250000000      -0.220353059384523     
   3.05353750000000        1.22261500000000      -0.243622006470037     
   3.05353750000000        1.52776875000000      -0.267855423719459     
   3.05353750000000        1.83292250000000      -0.291264593533246     
   3.05353750000000        2.13807625000000      -0.312501908924343     
   3.05353750000000        2.44323000000000      -0.330812388357663     
   3.05353750000000        2.74838375000000      -0.345838184408591     
   3.05353750000000        3.05353750000000      -0.357306914375919     
   3.05353750000000        3.35869125000000      -0.364710806103948     
   3.05353750000000        3.66384500000000      -0.367310199096170     
   3.05353750000000        3.96899875000000      -0.364711031953461     
   3.05353750000000        4.27415250000000      -0.357307540056556     
   3.05353750000000        4.57930625000000      -0.345839524996281     
   3.05353750000000        4.88446000000000      -0.330815069768209     
   3.05353750000000        5.18961375000000      -0.312506759999375     
   3.05353750000000        5.49476750000000      -0.291272460788992     
   3.05353750000000        5.79992125000000      -0.267867333136316     
   3.05353750000000        6.10507500000000      -0.243639680222996     
   3.05353750000000        6.41022875000000      -0.220379888532532     
   3.05353750000000        6.71538250000000      -0.201106186479628     
   3.05353750000000        7.02053625000000      -0.189429071347154     
   3.05353750000000        7.32569000000000      -0.180971771587260     
   3.35869125000000       2.000000000000000E-003 -0.182717050372731     
   3.35869125000000       0.307153750000000      -0.187785891019631     
   3.35869125000000       0.612307500000000      -0.198830386497105     
   3.35869125000000       0.917461250000000      -0.221171563181145     
   3.35869125000000        1.22261500000000      -0.247391985507466     
   3.35869125000000        1.52776875000000      -0.273392117469221     
   3.35869125000000        1.83292250000000      -0.297949717128845     
   3.35869125000000        2.13807625000000      -0.319847452560117     
   3.35869125000000        2.44323000000000      -0.338382650557997     
   3.35869125000000        2.74838375000000      -0.353342495970391     
   3.35869125000000        3.05353750000000      -0.364710368814974     
   3.35869125000000        3.35869125000000      -0.372178493601099     
   3.35869125000000        3.66384500000000      -0.374870823806199     
   3.35869125000000        3.96899875000000      -0.372178528078204     
   3.35869125000000        4.27415250000000      -0.364710472427447     
   3.35869125000000        4.57930625000000      -0.353342941898211     
   3.35869125000000        4.88446000000000      -0.338383707057189     
   3.35869125000000        5.18961375000000      -0.319849669298460     
   3.35869125000000        5.49476750000000      -0.297953677300117     
   3.35869125000000        5.79992125000000      -0.273398534369688     
   3.35869125000000        6.10507500000000      -0.247402473734416     
   3.35869125000000        6.41022875000000      -0.221189018524776     
   3.35869125000000        6.71538250000000      -0.198857107993478     
   3.35869125000000        7.02053625000000      -0.187819160979882     
   3.35869125000000        7.32569000000000      -0.182749075012863     
   3.66384500000000       2.000000000000000E-003 -0.180758807680881     
   3.66384500000000       0.307153750000000      -0.184787076911536     
   3.66384500000000       0.612307500000000      -0.196486455508344     
   3.66384500000000       0.917461250000000      -0.220848222142597     
   3.66384500000000        1.22261500000000      -0.248525780752996     
   3.66384500000000        1.52776875000000      -0.275281578941331     
   3.66384500000000        1.83292250000000      -0.300269533246454     
   3.66384500000000        2.13807625000000      -0.322399681663981     
   3.66384500000000        2.44323000000000      -0.341006500224042     
   3.66384500000000        2.74838375000000      -0.355945911808836     
   3.66384500000000        3.05353750000000      -0.367309643552538     
   3.66384500000000        3.35869125000000      -0.374870692652395     
   3.66384500000000        3.66384500000000      -0.377646603694575     
   3.66384500000000        3.96899875000000      -0.374870583742314     
   3.66384500000000        4.27415250000000      -0.367309462456399     
   3.66384500000000        4.57930625000000      -0.355945641427160     
   3.66384500000000        4.88446000000000      -0.341006127928211     
   3.66384500000000        5.18961375000000      -0.322399337738141     
   3.66384500000000        5.49476750000000      -0.300269223231056     
   3.66384500000000        5.79992125000000      -0.275281431939214     
   3.66384500000000        6.10507500000000      -0.248525723290666     
   3.66384500000000        6.41022875000000      -0.220848348136849     
   3.66384500000000        6.71538250000000      -0.196486554036523     
   3.66384500000000        7.02053625000000      -0.184786896978227     
   3.66384500000000        7.32569000000000      -0.180759474940762     
   3.96899875000000       2.000000000000000E-003 -0.182748272390141     
   3.96899875000000       0.307153750000000      -0.187818831055931     
   3.96899875000000       0.612307500000000      -0.198856642076937     
   3.96899875000000       0.917461250000000      -0.221188682560986     
   3.96899875000000        1.22261500000000      -0.247402430473500     
   3.96899875000000        1.52776875000000      -0.273398648944103     
   3.96899875000000        1.83292250000000      -0.297953922180897     
   3.96899875000000        2.13807625000000      -0.319850015855484     
   3.96899875000000        2.44323000000000      -0.338384078943897     
   3.96899875000000        2.74838375000000      -0.353343170346832     
   3.96899875000000        3.05353750000000      -0.364710653634295     
   3.96899875000000        3.35869125000000      -0.372178600662916     
   3.96899875000000        3.66384500000000      -0.374870791412674     
   3.96899875000000        3.96899875000000      -0.372178424067742     
   3.96899875000000        4.27415250000000      -0.364710212474005     
   3.96899875000000        4.57930625000000      -0.353342285845823     
   3.96899875000000        4.88446000000000      -0.338382354696428     
   3.96899875000000        5.18961375000000      -0.319847181468932     
   3.96899875000000        5.49476750000000      -0.297949498691566     
   3.96899875000000        5.79992125000000      -0.273391969474093     
   3.96899875000000        6.10507500000000      -0.247391850553584     
   3.96899875000000        6.41022875000000      -0.221171435858629     
   3.96899875000000        6.71538250000000      -0.198829996916255     
   3.96899875000000        7.02053625000000      -0.187785158127309     
   3.96899875000000        7.32569000000000      -0.182716764114285     
   4.27415250000000       2.000000000000000E-003 -0.180970972613465     
   4.27415250000000       0.307153750000000      -0.189428564090972     
   4.27415250000000       0.612307500000000      -0.201105664629802     
   4.27415250000000       0.917461250000000      -0.220379504744038     
   4.27415250000000        1.22261500000000      -0.243639505774457     
   4.27415250000000        1.52776875000000      -0.267867353752710     
   4.27415250000000        1.83292250000000      -0.291272649262277     
   4.27415250000000        2.13807625000000      -0.312507033538061     
   4.27415250000000        2.44323000000000      -0.330815365582460     
   4.27415250000000        2.74838375000000      -0.345839735604017     
   4.27415250000000        3.05353750000000      -0.357307655342643     
   4.27415250000000        3.35869125000000      -0.364711049740131     
   4.27415250000000        3.66384500000000      -0.367310164475266     
   4.27415250000000        3.96899875000000      -0.364710728680588     
   4.27415250000000        4.27415250000000      -0.357306826340287     
   4.27415250000000        4.57930625000000      -0.345838032875751     
   4.27415250000000        4.88446000000000      -0.330812289382870     
   4.27415250000000        5.18961375000000      -0.312501781324828     
   4.27415250000000        5.49476750000000      -0.291264515638127     
   4.27415250000000        5.79992125000000      -0.267855387354007     
   4.27415250000000        6.10507500000000      -0.243621943520580     
   4.27415250000000        6.41022875000000      -0.220352836945552     
   4.27415250000000        6.71538250000000      -0.201067068533401     
   4.27415250000000        7.02053625000000      -0.189378939014330     
   4.27415250000000        7.32569000000000      -0.180917767018451     
   4.57930625000000       2.000000000000000E-003 -0.174012679021288     
   4.57930625000000       0.307153750000000      -0.185457001514368     
   4.57930625000000       0.612307500000000      -0.198677317113981     
   4.57930625000000       0.917461250000000      -0.216203526458998     
   4.57930625000000        1.22261500000000      -0.236977254634960     
   4.57930625000000        1.52776875000000      -0.259142432160180     
   4.57930625000000        1.83292250000000      -0.280966523266434     
   4.57930625000000        2.13807625000000      -0.301206455566340     
   4.57930625000000        2.44323000000000      -0.319109767029051     
   4.57930625000000        2.74838375000000      -0.334174425028168     
   4.57930625000000        3.05353750000000      -0.345840565897721     
   4.57930625000000        3.35869125000000      -0.353344314167171     
   4.57930625000000        3.66384500000000      -0.355947071561448     
   4.57930625000000        3.96899875000000      -0.353343615728283     
   4.57930625000000        4.27415250000000      -0.345838994087592     
   4.57930625000000        4.57930625000000      -0.334171571716697     
   4.57930625000000        4.88446000000000      -0.319104888697246     
   4.57930625000000        5.18961375000000      -0.301198622898723     
   4.57930625000000        5.49476750000000      -0.280954910738363     
   4.57930625000000        5.79992125000000      -0.259126189281451     
   4.57930625000000        6.10507500000000      -0.236955401884273     
   4.57930625000000        6.41022875000000      -0.216174370344512     
   4.57930625000000        6.71538250000000      -0.198639339800873     
   4.57930625000000        7.02053625000000      -0.185411350309349     
   4.57930625000000        7.32569000000000      -0.173964292598938     
   4.88446000000000       2.000000000000000E-003 -0.165822929978362     
   4.88446000000000       0.307153750000000      -0.178546994134226     
   4.88446000000000       0.612307500000000      -0.192544795423683     
   4.88446000000000       0.917461250000000      -0.209104917810916     
   4.88446000000000        1.22261500000000      -0.227958427507834     
   4.88446000000000        1.52776875000000      -0.248007823088776     
   4.88446000000000        1.83292250000000      -0.268020841656076     
   4.88446000000000        2.13807625000000      -0.287001691494682     
   4.88446000000000        2.44323000000000      -0.304241283027117     
   4.88446000000000        2.74838375000000      -0.319111677817066     
   4.88446000000000        3.05353750000000      -0.330817757507639     
   4.88446000000000        3.35869125000000      -0.338386335144220     
   4.88446000000000        3.66384500000000      -0.341008649804290     
   4.88446000000000        3.96899875000000      -0.338384963921567     
   4.88446000000000        4.27415250000000      -0.330814941458907     
   4.88446000000000        4.57930625000000      -0.319106920200907     
   4.88446000000000        4.88446000000000      -0.304233883606234     
   4.88446000000000        5.18961375000000      -0.286990643857249     
   4.88446000000000        5.49476750000000      -0.268005235544866     
   4.88446000000000        5.79992125000000      -0.247987044507938     
   4.88446000000000        6.10507500000000      -0.227932166003438     
   4.88446000000000        6.41022875000000      -0.209073120428051     
   4.88446000000000        6.71538250000000      -0.192507663957760     
   4.88446000000000        7.02053625000000      -0.178505794656843     
   4.88446000000000        7.32569000000000      -0.165780133012652     
   5.18961375000000       2.000000000000000E-003 -0.158541545540743     
   5.18961375000000       0.307153750000000      -0.171302400477481     
   5.18961375000000       0.612307500000000      -0.185135876645531     
   5.18961375000000       0.917461250000000      -0.200553916075612     
   5.18961375000000        1.22261500000000      -0.217485505570396     
   5.18961375000000        1.52776875000000      -0.235356356247859     
   5.18961375000000        1.83292250000000      -0.253383714955038     
   5.18961375000000        2.13807625000000      -0.270821642772450     
   5.18961375000000        2.44323000000000      -0.287005640031629     
   5.18961375000000        2.74838375000000      -0.301211899359642     
   5.18961375000000        3.05353750000000      -0.312512255683009     
   5.18961375000000        3.35869125000000      -0.319854404524074     
   5.18961375000000        3.66384500000000      -0.322403683608428     
   5.18961375000000        3.96899875000000      -0.319851920119423     
   5.18961375000000        4.27415250000000      -0.312507283406868     
   5.18961375000000        4.57930625000000      -0.301204247539355     
   5.18961375000000        4.88446000000000      -0.286994656173687     
   5.18961375000000        5.18961375000000      -0.270806231203280     
   5.18961375000000        5.49476750000000      -0.253362874537439     
   5.18961375000000        5.79992125000000      -0.235329433388750     
   5.18961375000000        6.10507500000000      -0.217452507827727     
   5.18961375000000        6.41022875000000      -0.200515290446179     
   5.18961375000000        6.71538250000000      -0.185092473698892     
   5.18961375000000        7.02053625000000      -0.171255556094308     
   5.18961375000000        7.32569000000000      -0.158493025752775     
   5.49476750000000       2.000000000000000E-003 -0.152420874669561     
   5.49476750000000       0.307153750000000      -0.164570670705128     
   5.49476750000000       0.612307500000000      -0.177586079591299     
   5.49476750000000       0.917461250000000      -0.191556202887594     
   5.49476750000000        1.22261500000000      -0.206422931798438     
   5.49476750000000        1.52776875000000      -0.221989005017449     
   5.49476750000000        1.83292250000000      -0.237830193093477     
   5.49476750000000        2.13807625000000      -0.253390098442265     
   5.49476750000000        2.44323000000000      -0.268030980035563     
   5.49476750000000        2.74838375000000      -0.280977495124393     
   5.49476750000000        3.05353750000000      -0.291282333467539     
   5.49476750000000        3.35869125000000      -0.297961771638444     
   5.49476750000000        3.66384500000000      -0.300276503041465     
   5.49476750000000        3.96899875000000      -0.297957608130230     
   5.49476750000000        4.27415250000000      -0.291274419191915     
   5.49476750000000        4.57930625000000      -0.280966002846939     
   5.49476750000000        4.88446000000000      -0.268015396322169     
   5.49476750000000        5.18961375000000      -0.253369244640184     
   5.49476750000000        5.49476750000000      -0.237802657358994     
   5.49476750000000        5.79992125000000      -0.221953795019794     
   5.49476750000000        6.10507500000000      -0.206379764085192     
   5.49476750000000        6.41022875000000      -0.191505368029484     
   5.49476750000000        6.71538250000000      -0.177528300088086     
   5.49476750000000        7.02053625000000      -0.164507318298665     
   5.49476750000000        7.32569000000000      -0.152354783131186     
   5.79992125000000       2.000000000000000E-003 -0.147644901550603     
   5.79992125000000       0.307153750000000      -0.158874961474486     
   5.79992125000000       0.612307500000000      -0.170624775903025     
   5.79992125000000       0.917461250000000      -0.182858130820660     
   5.79992125000000        1.22261500000000      -0.195505314645693     
   5.79992125000000        1.52776875000000      -0.208554833626148     
   5.79992125000000        1.83292250000000      -0.221996905810130     
   5.79992125000000        2.13807625000000      -0.235370828562768     
   5.79992125000000        2.44323000000000      -0.248026046314626     
   5.79992125000000        2.74838375000000      -0.259160929126105     
   5.79992125000000        3.05353750000000      -0.267883310472695     
   5.79992125000000        3.35869125000000      -0.273411226620151     
   5.79992125000000        3.66384500000000      -0.275292594505384     
   5.79992125000000        3.96899875000000      -0.273404666060248     
   5.79992125000000        4.27415250000000      -0.267871383648906     
   5.79992125000000        4.57930625000000      -0.259144654563500     
   5.79992125000000        4.88446000000000      -0.248005185142136     
   5.79992125000000        5.18961375000000      -0.235343823492585     
   5.79992125000000        5.49476750000000      -0.221961637681632     
   5.79992125000000        5.79992125000000      -0.208509462922789     
   5.79992125000000        6.10507500000000      -0.195448689063434     
   5.79992125000000        6.41022875000000      -0.182789206544677     
   5.79992125000000        6.71538250000000      -0.170542162462842     
   5.79992125000000        7.02053625000000      -0.158779533277462     
   5.79992125000000        7.32569000000000      -0.147544128222050     
   6.10507500000000       2.000000000000000E-003 -0.144223844132885     
   6.10507500000000       0.307153750000000      -0.154242776798435     
   6.10507500000000       0.612307500000000      -0.164354207558819     
   6.10507500000000       0.917461250000000      -0.174594569066812     
   6.10507500000000        1.22261500000000      -0.184946310349194     
   6.10507500000000        1.52776875000000      -0.195512756228761     
   6.10507500000000        1.83292250000000      -0.206438782125321     
   6.10507500000000        2.13807625000000      -0.217508717167974     
   6.10507500000000        2.44323000000000      -0.227986099176471     
   6.10507500000000        2.74838375000000      -0.237005267905547     
   6.10507500000000        3.05353750000000      -0.243663545622369     
   6.10507500000000        3.35869125000000      -0.247420055642425     
   6.10507500000000        3.66384500000000      -0.248540045417518     
   6.10507500000000        3.96899875000000      -0.247409387537575     
   6.10507500000000        4.27415250000000      -0.243645757176780     
   6.10507500000000        4.57930625000000      -0.236983148794804     
   6.10507500000000        4.88446000000000      -0.227959571974406     
   6.10507500000000        5.18961375000000      -0.217475499758862     
   6.10507500000000        5.49476750000000      -0.206395462048092     
   6.10507500000000        5.79992125000000      -0.195456066742199     
   6.10507500000000        6.10507500000000      -0.184873368818944     
   6.10507500000000        6.41022875000000      -0.174502604518171     
   6.10507500000000        6.71538250000000      -0.164238264224120     
   6.10507500000000        7.02053625000000      -0.154100133775231     
   6.10507500000000        7.32569000000000      -0.144070753042653     
   6.41022875000000       2.000000000000000E-003 -0.141937862404419     
   6.41022875000000       0.307153750000000      -0.150147639884614     
   6.41022875000000       0.612307500000000      -0.158284044123686     
   6.41022875000000       0.917461250000000      -0.166498591618096     
   6.41022875000000        1.22261500000000      -0.174599670625683     
   6.41022875000000        1.52776875000000      -0.182871096454141     
   6.41022875000000        1.83292250000000      -0.191578692516236     
   6.41022875000000        2.13807625000000      -0.200585408547453     
   6.41022875000000        2.44323000000000      -0.209142951220210     
   6.41022875000000        2.74838375000000      -0.216243926074716     
   6.41022875000000        3.05353750000000      -0.220414985699718     
   6.41022875000000        3.35869125000000      -0.221213107237854     
   6.41022875000000        3.66384500000000      -0.220866147536040     
   6.41022875000000        3.96899875000000      -0.221195382073248     
   6.41022875000000        4.27415250000000      -0.220387732622945     
   6.41022875000000        4.57930625000000      -0.216214216320098     
   6.41022875000000        4.88446000000000      -0.209110656270761     
   6.41022875000000        5.18961375000000      -0.200546396381721     
   6.41022875000000        5.49476750000000      -0.191527615476047     
   6.41022875000000        5.79992125000000      -0.182802061043385     
   6.41022875000000        6.10507500000000      -0.174507674543012     
   6.41022875000000        6.41022875000000      -0.166381324160781     
   6.41022875000000        6.71538250000000      -0.158135023906020     
   6.41022875000000        7.02053625000000      -0.149952007444326     
   6.41022875000000        7.32569000000000      -0.141719955500567     
   6.71538250000000       2.000000000000000E-003 -0.140053542176196     
   6.71538250000000       0.307153750000000      -0.145298383755549     
   6.71538250000000       0.612307500000000      -0.151655382535524     
   6.71538250000000       0.917461250000000      -0.158287653432601     
   6.71538250000000        1.22261500000000      -0.164362206969509     
   6.71538250000000        1.52776875000000      -0.170640924623221     
   6.71538250000000        1.83292250000000      -0.177613036994803     
   6.71538250000000        2.13807625000000      -0.185174182705546     
   6.71538250000000        2.44323000000000      -0.192593633128074     
   6.71538250000000        2.74838375000000      -0.198734002378306     
   6.71538250000000        3.05353750000000      -0.201159108800705     
   6.71538250000000        3.35869125000000      -0.198894146920674     
   6.71538250000000        3.66384500000000      -0.196512002064996     
   6.71538250000000        3.96899875000000      -0.198866725284592     
   6.71538250000000        4.27415250000000      -0.201119544834142     
   6.71538250000000        4.57930625000000      -0.198695128218160     
   6.71538250000000        4.88446000000000      -0.192555767542389     
   6.71538250000000        5.18961375000000      -0.185130240874205     
   6.71538250000000        5.49476750000000      -0.177554928480068     
   6.71538250000000        5.79992125000000      -0.170558138603623     
   6.71538250000000        6.10507500000000      -0.164246179183347     
   6.71538250000000        6.41022875000000      -0.158138593262397     
   6.71538250000000        6.71538250000000      -0.151479878844810     
   6.71538250000000        7.02053625000000      -0.145070225999428     
   6.71538250000000        7.32569000000000      -0.139775563632831     
   7.02053625000000       2.000000000000000E-003 -0.136846554866157     
   7.02053625000000       0.307153750000000      -0.139888492490153     
   7.02053625000000       0.612307500000000      -0.145307922565387     
   7.02053625000000       0.917461250000000      -0.150155550011936     
   7.02053625000000        1.22261500000000      -0.154252597866618     
   7.02053625000000        1.52776875000000      -0.158892585954964     
   7.02053625000000        1.83292250000000      -0.164599850587253     
   7.02053625000000        2.13807625000000      -0.171345012550642     
   7.02053625000000        2.44323000000000      -0.178604905313582     
   7.02053625000000        2.74838375000000      -0.185529072949863     
   7.02053625000000        3.05353750000000      -0.189504539323894     
   7.02053625000000        3.35869125000000      -0.187879336492102     
   7.02053625000000        3.66384500000000      -0.184827822561039     
   7.02053625000000        3.96899875000000      -0.187844854332809     
   7.02053625000000        4.27415250000000      -0.189453657606535     
   7.02053625000000        4.57930625000000      -0.185482207967529     
   7.02053625000000        4.88446000000000      -0.178562735439251     
   7.02053625000000        5.18961375000000      -0.171297467150285     
   7.02053625000000        5.49476750000000      -0.164536046178909     
   7.02053625000000        5.79992125000000      -0.158796854682265     
   7.02053625000000        6.10507500000000      -0.154109716607348     
   7.02053625000000        6.41022875000000      -0.149959708692351     
   7.02053625000000        6.71538250000000      -0.145079638916290     
   7.02053625000000        7.02053625000000      -0.139661109293220     
   7.02053625000000        7.32569000000000      -0.136562057260224     
   7.32569000000000       2.000000000000000E-003 -0.131022977006740     
   7.32569000000000       0.307153750000000      -0.136857773220802     
   7.32569000000000       0.612307500000000      -0.140069847910330     
   7.32569000000000       0.917461250000000      -0.141948743277197     
   7.32569000000000        1.22261500000000      -0.144235181678190     
   7.32569000000000        1.52776875000000      -0.147663286505919     
   7.32569000000000        1.83292250000000      -0.152450485123399     
   7.32569000000000        2.13807625000000      -0.158584995141643     
   7.32569000000000        2.44323000000000      -0.165883166397408     
   7.32569000000000        2.74838375000000      -0.174089598680979     
   7.32569000000000        3.05353750000000      -0.181057205049558     
   7.32569000000000        3.35869125000000      -0.182825517334819     
   7.32569000000000        3.66384500000000      -0.180810192494199     
   7.32569000000000        3.96899875000000      -0.182792613980491     
   7.32569000000000        4.27415250000000      -0.181002235168955     
   7.32569000000000        4.57930625000000      -0.174039614950315     
   7.32569000000000        4.88446000000000      -0.165839162855847     
   7.32569000000000        5.18961375000000      -0.158535604824231     
   7.32569000000000        5.49476750000000      -0.152383775895384     
   7.32569000000000        5.79992125000000      -0.147561993060791     
   7.32569000000000        6.10507500000000      -0.144081558032765     
   7.32569000000000        6.41022875000000      -0.141730220884559     
   7.32569000000000        6.71538250000000      -0.139791211631849     
   7.32569000000000        7.02053625000000      -0.136572984085085     
   7.32569000000000        7.32569000000000      -0.130795975715885     
