  2.000000000000000E-003  2.000000000000000E-003 -0.200572391277059     
  2.000000000000000E-003  0.307153750000000      -0.198010887963128     
  2.000000000000000E-003  0.612307500000000      -0.189192582946448     
  2.000000000000000E-003  0.917461250000000      -0.183281292749431     
  2.000000000000000E-003   1.22261500000000      -0.176950302690029     
  2.000000000000000E-003   1.52776875000000      -0.170144889691549     
  2.000000000000000E-003   1.83292250000000      -0.163235673597467     
  2.000000000000000E-003   2.13807625000000      -0.156372071841529     
  2.000000000000000E-003   2.44323000000000      -0.149483571372529     
  2.000000000000000E-003   2.74838375000000      -0.142587557682325     
  2.000000000000000E-003   3.05353750000000      -0.136344079439853     
  2.000000000000000E-003   3.35869125000000      -0.131961531219630     
  2.000000000000000E-003   3.66384500000000      -0.127764221123729     
  2.000000000000000E-003   3.96899875000000      -0.121748188764020     
  2.000000000000000E-003   4.27415250000000      -0.114988887323453     
  2.000000000000000E-003   4.57930625000000      -0.106868465955763     
  2.000000000000000E-003   4.88446000000000      -9.919547347394396E-002
  2.000000000000000E-003   5.18961375000000      -9.274267100569085E-002
  2.000000000000000E-003   5.49476750000000      -8.744498285535986E-002
  2.000000000000000E-003   5.79992125000000      -8.357498473837752E-002
  2.000000000000000E-003   6.10507500000000      -8.111925236183974E-002
  2.000000000000000E-003   6.41022875000000      -7.988084326988197E-002
  2.000000000000000E-003   6.71538250000000      -7.922371450668973E-002
  2.000000000000000E-003   7.02053625000000      -7.743829251098565E-002
  2.000000000000000E-003   7.32569000000000      -7.455759053087534E-002
  0.307153750000000       2.000000000000000E-003 -0.223956581790403     
  0.307153750000000       0.307153750000000      -0.216879165185407     
  0.307153750000000       0.612307500000000      -0.207051639220307     
  0.307153750000000       0.917461250000000      -0.200686233506957     
  0.307153750000000        1.22261500000000      -0.193478567777416     
  0.307153750000000        1.52776875000000      -0.185582259479153     
  0.307153750000000        1.83292250000000      -0.177459464742558     
  0.307153750000000        2.13807625000000      -0.169185493562423     
  0.307153750000000        2.44323000000000      -0.160797075596626     
  0.307153750000000        2.74838375000000      -0.152242728036995     
  0.307153750000000        3.05353750000000      -0.143998840658976     
  0.307153750000000        3.35869125000000      -0.137248564918218     
  0.307153750000000        3.66384500000000      -0.131806412252796     
  0.307153750000000        3.96899875000000      -0.125401644408242     
  0.307153750000000        4.27415250000000      -0.118227124561072     
  0.307153750000000        4.57930625000000      -0.110337443101415     
  0.307153750000000        4.88446000000000      -0.102792139034234     
  0.307153750000000        5.18961375000000      -9.621850902126539E-002
  0.307153750000000        5.49476750000000      -9.065580645279701E-002
  0.307153750000000        5.79992125000000      -8.643181830180230E-002
  0.307153750000000        6.10507500000000      -8.351572838052211E-002
  0.307153750000000        6.41022875000000      -8.161550923853664E-002
  0.307153750000000        6.71538250000000      -7.997561867512512E-002
  0.307153750000000        7.02053625000000      -7.783765844614887E-002
  0.307153750000000        7.32569000000000      -7.534188338377830E-002
  0.612307500000000       2.000000000000000E-003 -0.244790085302059     
  0.612307500000000       0.307153750000000      -0.239193977566520     
  0.612307500000000       0.612307500000000      -0.229525952031772     
  0.612307500000000       0.917461250000000      -0.220482521044285     
  0.612307500000000        1.22261500000000      -0.211369400382885     
  0.612307500000000        1.52776875000000      -0.202082643189967     
  0.612307500000000        1.83292250000000      -0.192638076568099     
  0.612307500000000        2.13807625000000      -0.182975342401991     
  0.612307500000000        2.44323000000000      -0.173189017148316     
  0.612307500000000        2.74838375000000      -0.163227087667237     
  0.612307500000000        3.05353750000000      -0.153394605294691     
  0.612307500000000        3.35869125000000      -0.144372500229011     
  0.612307500000000        3.66384500000000      -0.136525570989454     
  0.612307500000000        3.96899875000000      -0.129158220196520     
  0.612307500000000        4.27415250000000      -0.121577384619600     
  0.612307500000000        4.57930625000000      -0.113811633175389     
  0.612307500000000        4.88446000000000      -0.106442960756420     
  0.612307500000000        5.18961375000000      -9.977783877834795E-002
  0.612307500000000        5.49476750000000      -9.401572245356349E-002
  0.612307500000000        5.79992125000000      -8.940087669806999E-002
  0.612307500000000        6.10507500000000      -8.595023475315519E-002
  0.612307500000000        6.41022875000000      -8.334442606605916E-002
  0.612307500000000        6.71538250000000      -8.096204244969268E-002
  0.612307500000000        7.02053625000000      -7.816385275226691E-002
  0.612307500000000        7.32569000000000      -7.500227212081877E-002
  0.917461250000000       2.000000000000000E-003 -0.263473541045470     
  0.917461250000000       0.307153750000000      -0.260102426325687     
  0.917461250000000       0.612307500000000      -0.252017561533044     
  0.917461250000000       0.917461250000000      -0.241905027860791     
  0.917461250000000        1.22261500000000      -0.230984776762283     
  0.917461250000000        1.52776875000000      -0.219825474974468     
  0.917461250000000        1.83292250000000      -0.208567147746344     
  0.917461250000000        2.13807625000000      -0.197312844215450     
  0.917461250000000        2.44323000000000      -0.186112921505125     
  0.917461250000000        2.74838375000000      -0.174874965613019     
  0.917461250000000        3.05353750000000      -0.163744538278844     
  0.917461250000000        3.35869125000000      -0.153134475530588     
  0.917461250000000        3.66384500000000      -0.143369058246066     
  0.917461250000000        3.96899875000000      -0.134383824993232     
  0.917461250000000        4.27415250000000      -0.125901498201585     
  0.917461250000000        4.57930625000000      -0.117865605037336     
  0.917461250000000        4.88446000000000      -0.110333424315755     
  0.917461250000000        5.18961375000000      -0.103442621922392     
  0.917461250000000        5.49476750000000      -9.741063824285191E-002
  0.917461250000000        5.79992125000000      -9.236237805499323E-002
  0.917461250000000        6.10507500000000      -8.829976503356206E-002
  0.917461250000000        6.41022875000000      -8.496257730883756E-002
  0.917461250000000        6.71538250000000      -8.189661621902763E-002
  0.917461250000000        7.02053625000000      -7.862839767726403E-002
  0.917461250000000        7.32569000000000      -7.511311772545086E-002
   1.22261500000000       2.000000000000000E-003 -0.294088117311990     
   1.22261500000000       0.307153750000000      -0.290885801223191     
   1.22261500000000       0.612307500000000      -0.282211485496075     
   1.22261500000000       0.917461250000000      -0.269778265371401     
   1.22261500000000        1.22261500000000      -0.255450131515066     
   1.22261500000000        1.52776875000000      -0.240633373342472     
   1.22261500000000        1.83292250000000      -0.226040979943398     
   1.22261500000000        2.13807625000000      -0.212167339463665     
   1.22261500000000        2.44323000000000      -0.199060508708713     
   1.22261500000000        2.74838375000000      -0.186368444432806     
   1.22261500000000        3.05353750000000      -0.173925326102385     
   1.22261500000000        3.35869125000000      -0.161915541966399     
   1.22261500000000        3.66384500000000      -0.150628861849838     
   1.22261500000000        3.96899875000000      -0.140248965227396     
   1.22261500000000        4.27415250000000      -0.130822294698574     
   1.22261500000000        4.57930625000000      -0.122241011273062     
   1.22261500000000        4.88446000000000      -0.114351371539028     
   1.22261500000000        5.18961375000000      -0.107142587833372     
   1.22261500000000        5.49476750000000      -0.100715327206399     
   1.22261500000000        5.79992125000000      -9.515647417689262E-002
   1.22261500000000        6.10507500000000      -9.042159385126226E-002
   1.22261500000000        6.41022875000000      -8.631366246463146E-002
   1.22261500000000        6.71538250000000      -8.252906341099674E-002
   1.22261500000000        7.02053625000000      -7.878023930835903E-002
   1.22261500000000        7.32569000000000      -7.500796028669932E-002
   1.52776875000000       2.000000000000000E-003 -0.347573346208518     
   1.52776875000000       0.307153750000000      -0.342944413428325     
   1.52776875000000       0.612307500000000      -0.330029146684446     
   1.52776875000000       0.917461250000000      -0.311315496564735     
   1.52776875000000        1.22261500000000      -0.289678988465683     
   1.52776875000000        1.52776875000000      -0.267492300502678     
   1.52776875000000        1.83292250000000      -0.246494811112627     
   1.52776875000000        2.13807625000000      -0.228025937024357     
   1.52776875000000        2.44323000000000      -0.211888733275410     
   1.52776875000000        2.74838375000000      -0.197236847014349     
   1.52776875000000        3.05353750000000      -0.183351058687816     
   1.52776875000000        3.35869125000000      -0.170015612506684     
   1.52776875000000        3.66384500000000      -0.157440584698378     
   1.52776875000000        3.96899875000000      -0.145947518215996     
   1.52776875000000        4.27415250000000      -0.135690440410575     
   1.52776875000000        4.57930625000000      -0.126558464428330     
   1.52776875000000        4.88446000000000      -0.118302618002793     
   1.52776875000000        5.18961375000000      -0.110740986677170     
   1.52776875000000        5.49476750000000      -0.103847355175504     
   1.52776875000000        5.79992125000000      -9.768001358217210E-002
   1.52776875000000        6.10507500000000      -9.224200065347081E-002
   1.52776875000000        6.41022875000000      -8.738786567524785E-002
   1.52776875000000        6.71538250000000      -8.293056453675521E-002
   1.52776875000000        7.02053625000000      -7.871425158285622E-002
   1.52776875000000        7.32569000000000      -7.471167517921136E-002
   1.83292250000000       2.000000000000000E-003 -0.433567444059822     
   1.83292250000000       0.307153750000000      -0.425623775764056     
   1.83292250000000       0.612307500000000      -0.403989832608563     
   1.83292250000000       0.917461250000000      -0.373056292387074     
   1.83292250000000        1.22261500000000      -0.337511188168854     
   1.83292250000000        1.52776875000000      -0.302393862499724     
   1.83292250000000        1.83292250000000      -0.271318834965467     
   1.83292250000000        2.13807625000000      -0.245626538709480     
   1.83292250000000        2.44323000000000      -0.224792180536747     
   1.83292250000000        2.74838375000000      -0.207331771012967     
   1.83292250000000        3.05353750000000      -0.191765275334612     
   1.83292250000000        3.35869125000000      -0.177245380229999     
   1.83292250000000        3.66384500000000      -0.163648603807028     
   1.83292250000000        3.96899875000000      -0.151243124732244     
   1.83292250000000        4.27415250000000      -0.140252046384424     
   1.83292250000000        4.57930625000000      -0.130604680686747     
   1.83292250000000        4.88446000000000      -0.121986722368980     
   1.83292250000000        5.18961375000000      -0.114070659925165     
   1.83292250000000        5.49476750000000      -0.106702275557610     
   1.83292250000000        5.79992125000000      -9.990463488277865E-002
   1.83292250000000        6.10507500000000      -9.374105206292424E-002
   1.83292250000000        6.41022875000000      -8.818681443959379E-002
   1.83292250000000        6.71538250000000      -8.313089038839307E-002
   1.83292250000000        7.02053625000000      -7.849364764427189E-002
   1.83292250000000        7.32569000000000      -7.427897024793627E-002
   2.13807625000000       2.000000000000000E-003 -0.562963768483360     
   2.13807625000000       0.307153750000000      -0.548406381971546     
   2.13807625000000       0.612307500000000      -0.509424941903971     
   2.13807625000000       0.917461250000000      -0.456225606224894     
   2.13807625000000        1.22261500000000      -0.399276893294905     
   2.13807625000000        1.52776875000000      -0.346185974341787     
   2.13807625000000        1.83292250000000      -0.301152393253186     
   2.13807625000000        2.13807625000000      -0.265420791156960     
   2.13807625000000        2.44323000000000      -0.238011962314313     
   2.13807625000000        2.74838375000000      -0.216687669135138     
   2.13807625000000        3.05353750000000      -0.199045044331415     
   2.13807625000000        3.35869125000000      -0.183382656856794     
   2.13807625000000        3.66384500000000      -0.168995473681145     
   2.13807625000000        3.96899875000000      -0.155901645482948     
   2.13807625000000        4.27415250000000      -0.144309332500721     
   2.13807625000000        4.57930625000000      -0.134196936788311     
   2.13807625000000        4.88446000000000      -0.125231059074591     
   2.13807625000000        5.18961375000000      -0.116977515680226     
   2.13807625000000        5.49476750000000      -0.109164594836906     
   2.13807625000000        5.79992125000000      -0.101771290694508     
   2.13807625000000        6.10507500000000      -9.491253095174203E-002
   2.13807625000000        6.41022875000000      -8.867293568204124E-002
   2.13807625000000        6.71538250000000      -8.304969103888113E-002
   2.13807625000000        7.02053625000000      -7.802335024164866E-002
   2.13807625000000        7.32569000000000      -7.362352556872268E-002
   2.44323000000000       2.000000000000000E-003 -0.750580338107828     
   2.44323000000000       0.307153750000000      -0.723098298705186     
   2.44323000000000       0.612307500000000      -0.651945900487780     
   2.44323000000000       0.917461250000000      -0.562774065879332     
   2.44323000000000        1.22261500000000      -0.474879562503423     
   2.44323000000000        1.52776875000000      -0.397846377103752     
   2.44323000000000        1.83292250000000      -0.335157422352006     
   2.44323000000000        2.13807625000000      -0.286991418898944     
   2.44323000000000        2.44323000000000      -0.251441425258498     
   2.44323000000000        2.74838375000000      -0.225326857553877     
   2.44323000000000        3.05353750000000      -0.205204443056735     
   2.44323000000000        3.35869125000000      -0.188368946587293     
   2.44323000000000        3.66384500000000      -0.173353455673770     
   2.44323000000000        3.96899875000000      -0.159767139019010     
   2.44323000000000        4.27415250000000      -0.147713059850681     
   2.44323000000000        4.57930625000000      -0.137203475092000     
   2.44323000000000        4.88446000000000      -0.127918576834439     
   2.44323000000000        5.18961375000000      -0.119358458623326     
   2.44323000000000        5.49476750000000      -0.111153073002008     
   2.44323000000000        5.79992125000000      -0.103225718668154     
   2.44323000000000        6.10507500000000      -9.571036776325463E-002
   2.44323000000000        6.41022875000000      -8.876172125324422E-002
   2.44323000000000        6.71538250000000      -8.246729328848093E-002
   2.44323000000000        7.02053625000000      -7.693660750786543E-002
   2.44323000000000        7.32569000000000      -7.236886497431554E-002
   2.74838375000000       2.000000000000000E-003  -1.00044732081809     
   2.74838375000000       0.307153750000000      -0.955911635310122     
   2.74838375000000       0.612307500000000      -0.840603410127492     
   2.74838375000000       0.917461250000000      -0.695002410551868     
   2.74838375000000        1.22261500000000      -0.561055608022658     
   2.74838375000000        1.52776875000000      -0.453553165698723     
   2.74838375000000        1.83292250000000      -0.370515844939845     
   2.74838375000000        2.13807625000000      -0.308700292157419     
   2.74838375000000        2.44323000000000      -0.264343211053488     
   2.74838375000000        2.74838375000000      -0.233044087724431     
   2.74838375000000        3.05353750000000      -0.210259038728425     
   2.74838375000000        3.35869125000000      -0.192238993483720     
   2.74838375000000        3.66384500000000      -0.176694781050179     
   2.74838375000000        3.96899875000000      -0.162759468519446     
   2.74838375000000        4.27415250000000      -0.150371970746015     
   2.74838375000000        4.57930625000000      -0.139549373421334     
   2.74838375000000        4.88446000000000      -0.129994412417607     
   2.74838375000000        5.18961375000000      -0.121173462593891     
   2.74838375000000        5.49476750000000      -0.112641087621776     
   2.74838375000000        5.79992125000000      -0.104254913569308     
   2.74838375000000        6.10507500000000      -9.611890753761279E-002
   2.74838375000000        6.41022875000000      -8.837282790518937E-002
   2.74838375000000        6.71538250000000      -8.121466881169864E-002
   2.74838375000000        7.02053625000000      -7.515340593149360E-002
   2.74838375000000        7.32569000000000      -7.054619902466643E-002
   3.05353750000000       2.000000000000000E-003  -1.27061535719806     
   3.05353750000000       0.307153750000000       -1.20747919828674     
   3.05353750000000       0.612307500000000       -1.04248353172048     
   3.05353750000000       0.917461250000000      -0.837574370935170     
   3.05353750000000        1.22261500000000      -0.648202842639520     
   3.05353750000000        1.52776875000000      -0.505934537443554     
   3.05353750000000        1.83292250000000      -0.402446035016027     
   3.05353750000000        2.13807625000000      -0.327792748342398     
   3.05353750000000        2.44323000000000      -0.275360177443285     
   3.05353750000000        2.74838375000000      -0.239324375252060     
   3.05353750000000        3.05353750000000      -0.214099484501664     
   3.05353750000000        3.35869125000000      -0.195004256412664     
   3.05353750000000        3.66384500000000      -0.179020708884168     
   3.05353750000000        3.96899875000000      -0.164849007180255     
   3.05353750000000        4.27415250000000      -0.152247590689035     
   3.05353750000000        4.57930625000000      -0.141207739659279     
   3.05353750000000        4.88446000000000      -0.131450537488834     
   3.05353750000000        5.18961375000000      -0.122430035358318     
   3.05353750000000        5.49476750000000      -0.113648191448232     
   3.05353750000000        5.79992125000000      -0.104892772219287     
   3.05353750000000        6.10507500000000      -9.618502619832017E-002
   3.05353750000000        6.41022875000000      -8.758673162792328E-002
   3.05353750000000        6.71538250000000      -7.956940591715106E-002
   3.05353750000000        7.02053625000000      -7.302259549339080E-002
   3.05353750000000        7.32569000000000      -6.852917937676392E-002
   3.35869125000000       2.000000000000000E-003  -1.46919331441303     
   3.35869125000000       0.307153750000000       -1.39768587804821     
   3.35869125000000       0.612307500000000       -1.20196601301410     
   3.35869125000000       0.917461250000000      -0.948962949845476     
   3.35869125000000        1.22261500000000      -0.717193452743128     
   3.35869125000000        1.52776875000000      -0.544481190143189     
   3.35869125000000        1.83292250000000      -0.425068468687850     
   3.35869125000000        2.13807625000000      -0.341041836161362     
   3.35869125000000        2.44323000000000      -0.282868627263687     
   3.35869125000000        2.74838375000000      -0.243482416069029     
   3.35869125000000        3.05353750000000      -0.216517761576260     
   3.35869125000000        3.35869125000000      -0.196642245774996     
   3.35869125000000        3.66384500000000      -0.180348275411736     
   3.35869125000000        3.96899875000000      -0.166048004936168     
   3.35869125000000        4.27415250000000      -0.153343496055412     
   3.35869125000000        4.57930625000000      -0.142183065414920     
   3.35869125000000        4.88446000000000      -0.132302712756109     
   3.35869125000000        5.18961375000000      -0.123157677995025     
   3.35869125000000        5.49476750000000      -0.114217788921041     
   3.35869125000000        5.79992125000000      -0.105212069385214     
   3.35869125000000        6.10507500000000      -9.605721611930876E-002
   3.35869125000000        6.41022875000000      -8.678410044040830E-002
   3.35869125000000        6.71538250000000      -7.806373433347402E-002
   3.35869125000000        7.02053625000000      -7.132135256513832E-002
   3.35869125000000        7.32569000000000      -6.701823509651215E-002
   3.66384500000000       2.000000000000000E-003  -1.59670477906973     
   3.66384500000000       0.307153750000000       -1.46368951137131     
   3.66384500000000       0.612307500000000       -1.26127980941737     
   3.66384500000000       0.917461250000000      -0.991301742705599     
   3.66384500000000        1.22261500000000      -0.743550547591204     
   3.66384500000000        1.52776875000000      -0.558829364273811     
   3.66384500000000        1.83292250000000      -0.433290782050353     
   3.66384500000000        2.13807625000000      -0.345798396903035     
   3.66384500000000        2.44323000000000      -0.285538501950256     
   3.66384500000000        2.74838375000000      -0.244938149392580     
   3.66384500000000        3.05353750000000      -0.217338118279878     
   3.66384500000000        3.35869125000000      -0.197170250540289     
   3.66384500000000        3.66384500000000      -0.180758807680880     
   3.66384500000000        3.96899875000000      -0.166422442734974     
   3.66384500000000        4.27415250000000      -0.153693389693117     
   3.66384500000000        4.57930625000000      -0.142496354883076     
   3.66384500000000        4.88446000000000      -0.132575081669883     
   3.66384500000000        5.18961375000000      -0.123387906101747     
   3.66384500000000        5.49476750000000      -0.114393214868390     
   3.66384500000000        5.79992125000000      -0.105295692821679     
   3.66384500000000        6.10507500000000      -9.596377806828552E-002
   3.66384500000000        6.41022875000000      -8.642105347168515E-002
   3.66384500000000        6.71538250000000      -7.743392821374281E-002
   3.66384500000000        7.02053625000000      -7.081815457702278E-002
   3.66384500000000        7.32569000000000      -6.611849763473454E-002
   3.96899875000000       2.000000000000000E-003  -1.46919655605251     
   3.96899875000000       0.307153750000000       -1.39770793012182     
   3.96899875000000       0.612307500000000       -1.20198754655210     
   3.96899875000000       0.917461250000000      -0.948976676077517     
   3.96899875000000        1.22261500000000      -0.717198527967622     
   3.96899875000000        1.52776875000000      -0.544479293954224     
   3.96899875000000        1.83292250000000      -0.425061270828976     
   3.96899875000000        2.13807625000000      -0.341030201940769     
   3.96899875000000        2.44323000000000      -0.282853421351179     
   3.96899875000000        2.74838375000000      -0.243464612647165     
   3.96899875000000        3.05353750000000      -0.216498201555132     
   3.96899875000000        3.35869125000000      -0.196621503520355     
   3.96899875000000        3.66384500000000      -0.180326759194336     
   3.96899875000000        3.96899875000000      -0.166025972121324     
   3.96899875000000        4.27415250000000      -0.153321221276959     
   3.96899875000000        4.57930625000000      -0.142160815808555     
   3.96899875000000        4.88446000000000      -0.132280492201631     
   3.96899875000000        5.18961375000000      -0.123135071866054     
   3.96899875000000        5.49476750000000      -0.114193648518672     
   3.96899875000000        5.79992125000000      -0.105183835032106     
   3.96899875000000        6.10507500000000      -9.601853603705575E-002
   3.96899875000000        6.41022875000000      -8.672339223013985E-002
   3.96899875000000        6.71538250000000      -7.796991672990879E-002
   3.96899875000000        7.02053625000000      -7.120281339691990E-002
   3.96899875000000        7.32569000000000      -6.690982538525599E-002
   4.27415250000000       2.000000000000000E-003  -1.27062151600036     
   4.27415250000000       0.307153750000000       -1.20750267398951     
   4.27415250000000       0.612307500000000       -1.04250950105208     
   4.27415250000000       0.917461250000000      -0.837591021947594     
   4.27415250000000        1.22261500000000      -0.648206275377268     
   4.27415250000000        1.52776875000000      -0.505926781712863     
   4.27415250000000        1.83292250000000      -0.402428690662448     
   4.27415250000000        2.13807625000000      -0.327767046488891     
   4.27415250000000        2.44323000000000      -0.275327876118875     
   4.27415250000000        2.74838375000000      -0.239287368027853     
   4.27415250000000        3.05353750000000      -0.214059406769126     
   4.27415250000000        3.35869125000000      -0.194962193328678     
   4.27415250000000        3.66384500000000      -0.178977173160239     
   4.27415250000000        3.96899875000000      -0.164804399181380     
   4.27415250000000        4.27415250000000      -0.152202418790156     
   4.27415250000000        4.57930625000000      -0.141162554900948     
   4.27415250000000        4.88446000000000      -0.131405622259898     
   4.27415250000000        5.18961375000000      -0.122384963387905     
   4.27415250000000        5.49476750000000      -0.113601292870897     
   4.27415250000000        5.79992125000000      -0.104840452734379     
   4.27415250000000        6.10507500000000      -9.611961528569378E-002
   4.27415250000000        6.41022875000000      -8.749349732806552E-002
   4.27415250000000        6.71538250000000      -7.943542655181382E-002
   4.27415250000000        7.02053625000000      -7.285084844277273E-002
   4.27415250000000        7.32569000000000      -6.834794790116185E-002
   4.57930625000000       2.000000000000000E-003  -1.00045352152271     
   4.57930625000000       0.307153750000000      -0.955928673041007     
   4.57930625000000       0.612307500000000      -0.840620803238729     
   4.57930625000000       0.917461250000000      -0.695009928371470     
   4.57930625000000        1.22261500000000      -0.561049625646361     
   4.57930625000000        1.52776875000000      -0.453533689515527     
   4.57930625000000        1.83292250000000      -0.370483409250615     
   4.57930625000000        2.13807625000000      -0.308656466985670     
   4.57930625000000        2.44323000000000      -0.264290568351051     
   4.57930625000000        2.74838375000000      -0.232985628462532     
   4.57930625000000        3.05353750000000      -0.210197054019176     
   4.57930625000000        3.35869125000000      -0.192174731164975     
   4.57930625000000        3.66384500000000      -0.176628590413517     
   4.57930625000000        3.96899875000000      -0.162691482064297     
   4.57930625000000        4.27415250000000      -0.150302735041711     
   4.57930625000000        4.57930625000000      -0.139479815968767     
   4.57930625000000        4.88446000000000      -0.129925445214225     
   4.57930625000000        5.18961375000000      -0.121105132848701     
   4.57930625000000        5.49476750000000      -0.112572071471955     
   4.57930625000000        5.79992125000000      -0.104181980442660     
   4.57930625000000        6.10507500000000      -9.603630951893305E-002
   4.57930625000000        6.41022875000000      -8.827133180113138E-002
   4.57930625000000        6.71538250000000      -8.108519391946212E-002
   4.57930625000000        7.02053625000000      -7.499847469938282E-002
   4.57930625000000        7.32569000000000      -7.038404275066391E-002
   4.88446000000000       2.000000000000000E-003 -0.750585128648312     
   4.88446000000000       0.307153750000000      -0.723105197458346     
   4.88446000000000       0.612307500000000      -0.651948528598798     
   4.88446000000000       0.917461250000000      -0.562766532813038     
   4.88446000000000        1.22261500000000      -0.474858278621203     
   4.88446000000000        1.52776875000000      -0.397809328579546     
   4.88446000000000        1.83292250000000      -0.335104544362812     
   4.88446000000000        2.13807625000000      -0.286924802326683     
   4.88446000000000        2.44323000000000      -0.251364858161801     
   4.88446000000000        2.74838375000000      -0.225244533986123     
   4.88446000000000        3.05353750000000      -0.205119321221908     
   4.88446000000000        3.35869125000000      -0.188282083523234     
   4.88446000000000        3.66384500000000      -0.173264364706314     
   4.88446000000000        3.96899875000000      -0.159675114907170     
   4.88446000000000        4.27415250000000      -0.147618296988711     
   4.88446000000000        4.57930625000000      -0.137107323114379     
   4.88446000000000        4.88446000000000      -0.127822796763264     
   4.88446000000000        5.18961375000000      -0.119264118142590     
   4.88446000000000        5.49476750000000      -0.111059621553432     
   4.88446000000000        5.79992125000000      -0.103130880055265     
   4.88446000000000        6.10507500000000      -9.561034889689908E-002
   4.88446000000000        6.41022875000000      -8.865203998761420E-002
   4.88446000000000        6.71538250000000      -8.234477399051275E-002
   4.88446000000000        7.02053625000000      -7.680316349347831E-002
   4.88446000000000        7.32569000000000      -7.223315515796577E-002
   5.18961375000000       2.000000000000000E-003 -0.562966822092520     
   5.18961375000000       0.307153750000000      -0.548403722960347     
   5.18961375000000       0.612307500000000      -0.509413556092689     
   5.18961375000000       0.917461250000000      -0.456201630149548     
   5.18961375000000        1.22261500000000      -0.399236581645552     
   5.18961375000000        1.52776875000000      -0.346126950351491     
   5.18961375000000        1.83292250000000      -0.301074719637976     
   5.18961375000000        2.13807625000000      -0.265327590072274     
   5.18961375000000        2.44323000000000      -0.237908633890324     
   5.18961375000000        2.74838375000000      -0.216579892133603     
   5.18961375000000        3.05353750000000      -0.198936438609498     
   5.18961375000000        3.35869125000000      -0.183273686074050     
   5.18961375000000        3.66384500000000      -0.168884123951949     
   5.18961375000000        3.96899875000000      -0.155785507807634     
   5.18961375000000        4.27415250000000      -0.144187724794752     
   5.18961375000000        4.57930625000000      -0.134071550255537     
   5.18961375000000        4.88446000000000      -0.125104774318766     
   5.18961375000000        5.18961375000000      -0.116852601124860     
   5.18961375000000        5.49476750000000      -0.109041444321079     
   5.18961375000000        5.79992125000000      -0.101648260140252     
   5.18961375000000        6.10507500000000      -9.478679670462944E-002
   5.18961375000000        6.41022875000000      -8.854163544063795E-002
   5.18961375000000        6.71538250000000      -8.291147665602371E-002
   5.18961375000000        7.02053625000000      -7.787996870770973E-002
   5.18961375000000        7.32569000000000      -7.347996746610647E-002
   5.49476750000000       2.000000000000000E-003 -0.433569262909944     
   5.49476750000000       0.307153750000000      -0.425613519930528     
   5.49476750000000       0.612307500000000      -0.403965801072538     
   5.49476750000000       0.917461250000000      -0.373015696312315     
   5.49476750000000        1.22261500000000      -0.337450790944607     
   5.49476750000000        1.52776875000000      -0.302311270761586     
   5.49476750000000        1.83292250000000      -0.271214652712972     
   5.49476750000000        2.13807625000000      -0.245505151069788     
   5.49476750000000        2.44323000000000      -0.224661044495522     
   5.49476750000000        2.74838375000000      -0.207198444842748     
   5.49476750000000        3.05353750000000      -0.191634254870632     
   5.49476750000000        3.35869125000000      -0.177116222394737     
   5.49476750000000        3.66384500000000      -0.163516708350337     
   5.49476750000000        3.96899875000000      -0.151103448635866     
   5.49476750000000        4.27415250000000      -0.140102567972070     
   5.49476750000000        4.57930625000000      -0.130447492868740     
   5.49476750000000        4.88446000000000      -0.121826097001367     
   5.49476750000000        5.18961375000000      -0.113910167004326     
   5.49476750000000        5.49476750000000      -0.106542996609923     
   5.49476750000000        5.79992125000000      -9.974503252418178E-002
   5.49476750000000        6.10507500000000      -9.357798889172350E-002
   5.49476750000000        6.41022875000000      -8.801701571781748E-002
   5.49476750000000        6.71538250000000      -8.295220989061450E-002
   5.49476750000000        7.02053625000000      -7.830670572322582E-002
   5.49476750000000        7.32569000000000      -7.409032168991994E-002
   5.79992125000000       2.000000000000000E-003 -0.347574282381570     
   5.79992125000000       0.307153750000000      -0.342929115436984     
   5.79992125000000       0.612307500000000      -0.329995756671930     
   5.79992125000000       0.917461250000000      -0.311260845987059     
   5.79992125000000        1.22261500000000      -0.289600161621648     
   5.79992125000000        1.52776875000000      -0.267387786431369     
   5.79992125000000        1.83292250000000      -0.246365463966634     
   5.79992125000000        2.13807625000000      -0.227877417467872     
   5.79992125000000        2.44323000000000      -0.211730664203475     
   5.79992125000000        2.74838375000000      -0.197079309972654     
   5.79992125000000        3.05353750000000      -0.183200217995945     
   5.79992125000000        3.35869125000000      -0.169870061717014     
   5.79992125000000        3.66384500000000      -0.157291705497763     
   5.79992125000000        3.96899875000000      -0.145785473593102     
   5.79992125000000        4.27415250000000      -0.135511633781000     
   5.79992125000000        4.57930625000000      -0.126366603961543     
   5.79992125000000        4.88446000000000      -0.118104272534280     
   5.79992125000000        5.18961375000000      -0.110541080934435     
   5.79992125000000        5.49476750000000      -0.103647095375165     
   5.79992125000000        5.79992125000000      -9.747692483301872E-002
   5.79992125000000        6.10507500000000      -9.203156396306181E-002
   5.79992125000000        6.41022875000000      -8.716273294862423E-002
   5.79992125000000        6.71538250000000      -8.268101747655676E-002
   5.79992125000000        7.02053625000000      -7.843703214821313E-002
   5.79992125000000        7.32569000000000      -7.442460760159172E-002
   6.10507500000000       2.000000000000000E-003 -0.294088435094104     
   6.10507500000000       0.307153750000000      -0.290871827199030     
   6.10507500000000       0.612307500000000      -0.282178311308578     
   6.10507500000000       0.917461250000000      -0.269719427473351     
   6.10507500000000        1.22261500000000      -0.255360476388040     
   6.10507500000000        1.52776875000000      -0.240511751668412     
   6.10507500000000        1.83292250000000      -0.225890607838849     
   6.10507500000000        2.13807625000000      -0.211994792462927     
   6.10507500000000        2.44323000000000      -0.198877567171897     
   6.10507500000000        2.74838375000000      -0.186188349174747     
   6.10507500000000        3.05353750000000      -0.173758087456391     
   6.10507500000000        3.35869125000000      -0.161760805757162     
   6.10507500000000        3.66384500000000      -0.150470001665595     
   6.10507500000000        3.96899875000000      -0.140065420571749     
   6.10507500000000        4.27415250000000      -0.130609509617101     
   6.10507500000000        4.57930625000000      -0.122009268982009     
   6.10507500000000        4.88446000000000      -0.114111943201604     
   6.10507500000000        5.18961375000000      -0.106901315481550     
   6.10507500000000        5.49476750000000      -0.100472039952257     
   6.10507500000000        5.79992125000000      -9.490653288897921E-002
   6.10507500000000        6.10507500000000      -9.015682963735230E-002
   6.10507500000000        6.41022875000000      -8.602154484659114E-002
   6.10507500000000        6.71538250000000      -8.218669810000918E-002
   6.10507500000000        7.02053625000000      -7.836877047117256E-002
   6.10507500000000        7.32569000000000      -7.456580793645333E-002
   6.41022875000000       2.000000000000000E-003 -0.263473827604142     
   6.41022875000000       0.307153750000000      -0.260099684341560     
   6.41022875000000       0.612307500000000      -0.251997949161475     
   6.41022875000000       0.917461250000000      -0.241854861381824     
   6.41022875000000        1.22261500000000      -0.230895752676605     
   6.41022875000000        1.52776875000000      -0.219695615429725     
   6.41022875000000        1.83292250000000      -0.208401723168040     
   6.41022875000000        2.13807625000000      -0.197120505877025     
   6.41022875000000        2.44323000000000      -0.185906373931999     
   6.41022875000000        2.74838375000000      -0.174670115477973     
   6.41022875000000        3.05353750000000      -0.163560490440608     
   6.41022875000000        3.35869125000000      -0.152976274713601     
   6.41022875000000        3.66384500000000      -0.143206054829797     
   6.41022875000000        3.96899875000000      -0.134173001171054     
   6.41022875000000        4.27415250000000      -0.125638808045198     
   6.41022875000000        4.57930625000000      -0.117581037656419     
   6.41022875000000        4.88446000000000      -0.110048041994139     
   6.41022875000000        5.18961375000000      -0.103159634378574     
   6.41022875000000        5.49476750000000      -9.712513531582678E-002
   6.41022875000000        5.79992125000000      -9.206380868257656E-002
   6.41022875000000        6.10507500000000      -8.797551705886288E-002
   6.41022875000000        6.41022875000000      -8.460129516767616E-002
   6.41022875000000        6.71538250000000      -8.146733690243606E-002
   6.41022875000000        7.02053625000000      -7.806729926639729E-002
   6.41022875000000        7.32569000000000      -7.447133426321623E-002
   6.71538250000000       2.000000000000000E-003 -0.244790861903960     
   6.71538250000000       0.307153750000000      -0.239207384336342     
   6.71538250000000       0.612307500000000      -0.229520028814501     
   6.71538250000000       0.917461250000000      -0.220442727913711     
   6.71538250000000        1.22261500000000      -0.211286353874571     
   6.71538250000000        1.52776875000000      -0.201951816311008     
   6.71538250000000        1.83292250000000      -0.192463686196894     
   6.71538250000000        2.13807625000000      -0.182767350358248     
   6.71538250000000        2.44323000000000      -0.172957668283356     
   6.71538250000000        2.74838375000000      -0.162987690498154     
   6.71538250000000        3.05353750000000      -0.153178427213144     
   6.71538250000000        3.35869125000000      -0.144198655202172     
   6.71538250000000        3.66384500000000      -0.136351147830601     
   6.71538250000000        3.96899875000000      -0.128897008020380     
   6.71538250000000        4.27415250000000      -0.121234775649377     
   6.71538250000000        4.57930625000000      -0.113452826544299     
   6.71538250000000        4.88446000000000      -0.106105472145538     
   6.71538250000000        5.18961375000000      -9.945485647241234E-002
   6.71538250000000        5.49476750000000      -9.369095421852731E-002
   6.71538250000000        5.79992125000000      -8.905053922592596E-002
   6.71538250000000        6.10507500000000      -8.555142787959709E-002
   6.71538250000000        6.41022875000000      -8.289270538824112E-002
   6.71538250000000        6.71538250000000      -8.046329319781201E-002
   6.71538250000000        7.02053625000000      -7.751419037486622E-002
   6.71538250000000        7.32569000000000      -7.416796580779265E-002
   7.02053625000000       2.000000000000000E-003 -0.223957877691250     
   7.02053625000000       0.307153750000000      -0.216872326567298     
   7.02053625000000       0.612307500000000      -0.207005205706124     
   7.02053625000000       0.917461250000000      -0.200627218715125     
   7.02053625000000        1.22261500000000      -0.193391657875393     
   7.02053625000000        1.52776875000000      -0.185450287963160     
   7.02053625000000        1.83292250000000      -0.177280457326902     
   7.02053625000000        2.13807625000000      -0.168966653261119     
   7.02053625000000        2.44323000000000      -0.160541685335949     
   7.02053625000000        2.74838375000000      -0.151964079420975     
   7.02053625000000        3.05353750000000      -0.143726529848006     
   7.02053625000000        3.35869125000000      -0.137015874996652     
   7.02053625000000        3.66384500000000      -0.131591323660366     
   7.02053625000000        3.96899875000000      -0.125052543560916     
   7.02053625000000        4.27415250000000      -0.117778067317427     
   7.02053625000000        4.57930625000000      -0.109898809581339     
   7.02053625000000        4.88446000000000      -0.102403896790882     
   7.02053625000000        5.18961375000000      -9.586233146631462E-002
   7.02053625000000        5.49476750000000      -9.029800023083115E-002
   7.02053625000000        5.79992125000000      -8.603057822211461E-002
   7.02053625000000        6.10507500000000      -8.302477729575407E-002
   7.02053625000000        6.41022875000000      -8.100600739583695E-002
   7.02053625000000        6.71538250000000      -7.929422354307440E-002
   7.02053625000000        7.02053625000000      -7.718133306898629E-002
   7.02053625000000        7.32569000000000      -7.449045068932279E-002
   7.32569000000000       2.000000000000000E-003 -0.200572709625932     
   7.32569000000000       0.307153750000000      -0.197878298193849     
   7.32569000000000       0.612307500000000      -0.189025741669605     
   7.32569000000000       0.917461250000000      -0.183167496552515     
   7.32569000000000        1.22261500000000      -0.176843439041001     
   7.32569000000000        1.52776875000000      -0.170006614058477     
   7.32569000000000        1.83292250000000      -0.163054248991050     
   7.32569000000000        2.13807625000000      -0.156149745707428     
   7.32569000000000        2.44323000000000      -0.149218814351867     
   7.32569000000000        2.74838375000000      -0.142290768683996     
   7.32569000000000        3.05353750000000      -0.136035923123157     
   7.32569000000000        3.35869125000000      -0.131665749626508     
   7.32569000000000        3.66384500000000      -0.127503185322255     
   7.32569000000000        3.96899875000000      -0.121329247352400     
   7.32569000000000        4.27415250000000      -0.114474351855566     
   7.32569000000000        4.57930625000000      -0.106387856077728     
   7.32569000000000        4.88446000000000      -9.878101430894932E-002
   7.32569000000000        5.18961375000000      -9.236815378552315E-002
   7.32569000000000        5.49476750000000      -8.706728891631627E-002
   7.32569000000000        5.79992125000000      -8.314302153034495E-002
   7.32569000000000        6.10507500000000      -8.057130319633528E-002
   7.32569000000000        6.41022875000000      -7.915205677663086E-002
   7.32569000000000        6.71538250000000      -7.829363228289812E-002
   7.32569000000000        7.02053625000000      -7.651488935740745E-002
   7.32569000000000        7.32569000000000      -7.389686065476543E-002
