  2.000000000000000E-003  2.000000000000000E-003 -0.172865823574621     
  2.000000000000000E-003  0.307153750000000      -0.176805497038384     
  2.000000000000000E-003  0.612307500000000      -0.176813256382375     
  2.000000000000000E-003  0.917461250000000      -0.176838510595634     
  2.000000000000000E-003   1.22261500000000      -0.176528290103412     
  2.000000000000000E-003   1.52776875000000      -0.176073108325049     
  2.000000000000000E-003   1.83292250000000      -0.175579396531130     
  2.000000000000000E-003   2.13807625000000      -0.174995813065230     
  2.000000000000000E-003   2.44323000000000      -0.174103336073061     
  2.000000000000000E-003   2.74838375000000      -0.172755838966011     
  2.000000000000000E-003   3.05353750000000      -0.170838192265781     
  2.000000000000000E-003   3.35869125000000      -0.168135127198411     
  2.000000000000000E-003   3.66384500000000      -0.163676941499409     
  2.000000000000000E-003   3.96899875000000      -0.158860861756571     
  2.000000000000000E-003   4.27415250000000      -0.152057841596471     
  2.000000000000000E-003   4.57930625000000      -0.142106346451941     
  2.000000000000000E-003   4.88446000000000      -0.132175408350622     
  2.000000000000000E-003   5.18961375000000      -0.123732586739319     
  2.000000000000000E-003   5.49476750000000      -0.116785213384502     
  2.000000000000000E-003   5.79992125000000      -0.111560468678308     
  2.000000000000000E-003   6.10507500000000      -0.107974538024608     
  2.000000000000000E-003   6.41022875000000      -0.105726747747143     
  2.000000000000000E-003   6.71538250000000      -0.104050936003580     
  2.000000000000000E-003   7.02053625000000      -0.101213401679547     
  2.000000000000000E-003   7.32569000000000      -9.686123475626422E-002
  0.307153750000000       2.000000000000000E-003 -0.185155594783996     
  0.307153750000000       0.307153750000000      -0.184477343302749     
  0.307153750000000       0.612307500000000      -0.186991928979500     
  0.307153750000000       0.917461250000000      -0.191090050365795     
  0.307153750000000        1.22261500000000      -0.192750081584221     
  0.307153750000000        1.52776875000000      -0.193015829910925     
  0.307153750000000        1.83292250000000      -0.192646518901443     
  0.307153750000000        2.13807625000000      -0.191774309221012     
  0.307153750000000        2.44323000000000      -0.190138946518570     
  0.307153750000000        2.74838375000000      -0.187133034366166     
  0.307153750000000        3.05353750000000      -0.182225740632119     
  0.307153750000000        3.35869125000000      -0.175857927101590     
  0.307153750000000        3.66384500000000      -0.170073740098029     
  0.307153750000000        3.96899875000000      -0.165307878383921     
  0.307153750000000        4.27415250000000      -0.158646925980428     
  0.307153750000000        4.57930625000000      -0.149368822179697     
  0.307153750000000        4.88446000000000      -0.139691134572403     
  0.307153750000000        5.18961375000000      -0.131031960958167     
  0.307153750000000        5.49476750000000      -0.123551606642600     
  0.307153750000000        5.79992125000000      -0.117605903559973     
  0.307153750000000        6.10507500000000      -0.113116655462350     
  0.307153750000000        6.41022875000000      -0.109673486430008     
  0.307153750000000        6.71538250000000      -0.106336179190490     
  0.307153750000000        7.02053625000000      -0.102669778972649     
  0.307153750000000        7.32569000000000      -9.945282150950273E-002
  0.612307500000000       2.000000000000000E-003 -0.194591110018092     
  0.612307500000000       0.307153750000000      -0.198980659195558     
  0.612307500000000       0.612307500000000      -0.202772755838886     
  0.612307500000000       0.917461250000000      -0.207409638957603     
  0.612307500000000        1.22261500000000      -0.210259594072981     
  0.612307500000000        1.52776875000000      -0.211444062169993     
  0.612307500000000        1.83292250000000      -0.211439358197334     
  0.612307500000000        2.13807625000000      -0.210464821106059     
  0.612307500000000        2.44323000000000      -0.208200240197291     
  0.612307500000000        2.74838375000000      -0.203985071908244     
  0.612307500000000        3.05353750000000      -0.197091982536789     
  0.612307500000000        3.35869125000000      -0.188149454821879     
  0.612307500000000        3.66384500000000      -0.179623616813871     
  0.612307500000000        3.96899875000000      -0.172765543167812     
  0.612307500000000        4.27415250000000      -0.165401614787384     
  0.612307500000000        4.57930625000000      -0.156488976617100     
  0.612307500000000        4.88446000000000      -0.147155152572781     
  0.612307500000000        5.18961375000000      -0.138362650275752     
  0.612307500000000        5.49476750000000      -0.130433967926182     
  0.612307500000000        5.79992125000000      -0.123725960149362     
  0.612307500000000        6.10507500000000      -0.118234450580063     
  0.612307500000000        6.41022875000000      -0.113588794391620     
  0.612307500000000        6.71538250000000      -0.109157172551493     
  0.612307500000000        7.02053625000000      -0.104698516998276     
  0.612307500000000        7.32569000000000      -0.100228726100969     
  0.917461250000000       2.000000000000000E-003 -0.201083239639003     
  0.917461250000000       0.307153750000000      -0.210875551185950     
  0.917461250000000       0.612307500000000      -0.218383887925797     
  0.917461250000000       0.917461250000000      -0.224579665965620     
  0.917461250000000        1.22261500000000      -0.228956481006815     
  0.917461250000000        1.52776875000000      -0.231366929019017     
  0.917461250000000        1.83292250000000      -0.231991149337310     
  0.917461250000000        2.13807625000000      -0.231180266156090     
  0.917461250000000        2.44323000000000      -0.228461143679313     
  0.917461250000000        2.74838375000000      -0.223388626569358     
  0.917461250000000        3.05353750000000      -0.215664344713461     
  0.917461250000000        3.35869125000000      -0.205725645884383     
  0.917461250000000        3.66384500000000      -0.195160813391305     
  0.917461250000000        3.96899875000000      -0.185102109303558     
  0.917461250000000        4.27415250000000      -0.175216509215498     
  0.917461250000000        4.57930625000000      -0.165144470785967     
  0.917461250000000        4.88446000000000      -0.155255669386038     
  0.917461250000000        5.18961375000000      -0.145918980338015     
  0.917461250000000        5.49476750000000      -0.137351318474785     
  0.917461250000000        5.79992125000000      -0.129777750304260     
  0.917461250000000        6.10507500000000      -0.123203639084770     
  0.917461250000000        6.41022875000000      -0.117386275877897     
  0.917461250000000        6.71538250000000      -0.111954204810621     
  0.917461250000000        7.02053625000000      -0.106561843622148     
  0.917461250000000        7.32569000000000      -0.100976681949923     
   1.22261500000000       2.000000000000000E-003 -0.209794086768266     
   1.22261500000000       0.307153750000000      -0.222690050991222     
   1.22261500000000       0.612307500000000      -0.233764228065413     
   1.22261500000000       0.917461250000000      -0.242809969380919     
   1.22261500000000        1.22261500000000      -0.249436947611770     
   1.22261500000000        1.52776875000000      -0.253387156631845     
   1.22261500000000        1.83292250000000      -0.254871378977295     
   1.22261500000000        2.13807625000000      -0.254110815592604     
   1.22261500000000        2.44323000000000      -0.250717556044031     
   1.22261500000000        2.74838375000000      -0.244561756660725     
   1.22261500000000        3.05353750000000      -0.235753465479598     
   1.22261500000000        3.35869125000000      -0.224730924610268     
   1.22261500000000        3.66384500000000      -0.212345500272647     
   1.22261500000000        3.96899875000000      -0.199571063785554     
   1.22261500000000        4.27415250000000      -0.187034845894589     
   1.22261500000000        4.57930625000000      -0.175111262763293     
   1.22261500000000        4.88446000000000      -0.163994701904140     
   1.22261500000000        5.18961375000000      -0.153714408889419     
   1.22261500000000        5.49476750000000      -0.144245945219806     
   1.22261500000000        5.79992125000000      -0.135652570473516     
   1.22261500000000        6.10507500000000      -0.127922841725819     
   1.22261500000000        6.41022875000000      -0.120893813064714     
   1.22261500000000        6.71538250000000      -0.114351970049509     
   1.22261500000000        7.02053625000000      -0.108040947324415     
   1.22261500000000        7.32569000000000      -0.101782725516568     
   1.52776875000000       2.000000000000000E-003 -0.223150963867361     
   1.52776875000000       0.307153750000000      -0.238421556496278     
   1.52776875000000       0.612307500000000      -0.252390241282100     
   1.52776875000000       0.917461250000000      -0.264322860324872     
   1.52776875000000        1.22261500000000      -0.273359013566075     
   1.52776875000000        1.52776875000000      -0.278928776225490     
   1.52776875000000        1.83292250000000      -0.281052195425535     
   1.52776875000000        2.13807625000000      -0.279600349571953     
   1.52776875000000        2.44323000000000      -0.274747797453166     
   1.52776875000000        2.74838375000000      -0.266857290252172     
   1.52776875000000        3.05353750000000      -0.256313125933337     
   1.52776875000000        3.35869125000000      -0.243554109966412     
   1.52776875000000        3.66384500000000      -0.229229035143113     
   1.52776875000000        3.96899875000000      -0.214219183214074     
   1.52776875000000        4.27415250000000      -0.199445724667968     
   1.52776875000000        4.57930625000000      -0.185607152595194     
   1.52776875000000        4.88446000000000      -0.173004131542119     
   1.52776875000000        5.18961375000000      -0.161562114469270     
   1.52776875000000        5.49476750000000      -0.151053493684515     
   1.52776875000000        5.79992125000000      -0.141341788472249     
   1.52776875000000        6.10507500000000      -0.132430007145095     
   1.52776875000000        6.41022875000000      -0.124245015127166     
   1.52776875000000        6.71538250000000      -0.116687132522220     
   1.52776875000000        7.02053625000000      -0.109614158476389     
   1.52776875000000        7.32569000000000      -0.102887756391618     
   1.83292250000000       2.000000000000000E-003 -0.242432956105456     
   1.83292250000000       0.307153750000000      -0.260218797871308     
   1.83292250000000       0.612307500000000      -0.276802136218504     
   1.83292250000000       0.917461250000000      -0.291351977714086     
   1.83292250000000        1.22261500000000      -0.302626321282473     
   1.83292250000000        1.52776875000000      -0.309511469483877     
   1.83292250000000        1.83292250000000      -0.311276846823822     
   1.83292250000000        2.13807625000000      -0.307982354265281     
   1.83292250000000        2.44323000000000      -0.300446299383231     
   1.83292250000000        2.74838375000000      -0.289739986884888     
   1.83292250000000        3.05353750000000      -0.276683788503612     
   1.83292250000000        3.35869125000000      -0.261760689814017     
   1.83292250000000        3.66384500000000      -0.245421156190871     
   1.83292250000000        3.96899875000000      -0.228380713186496     
   1.83292250000000        4.27415250000000      -0.211591497259363     
   1.83292250000000        4.57930625000000      -0.195921418280764     
   1.83292250000000        4.88446000000000      -0.181806641361210     
   1.83292250000000        5.18961375000000      -0.169159728152607     
   1.83292250000000        5.49476750000000      -0.157607792417056     
   1.83292250000000        5.79992125000000      -0.146846336835379     
   1.83292250000000        6.10507500000000      -0.136814262050887     
   1.83292250000000        6.41022875000000      -0.127589407862175     
   1.83292250000000        6.71538250000000      -0.119185552303003     
   1.83292250000000        7.02053625000000      -0.111512888987092     
   1.83292250000000        7.32569000000000      -0.104414884670900     
   2.13807625000000       2.000000000000000E-003 -0.268725587239535     
   2.13807625000000       0.307153750000000      -0.289452676783673     
   2.13807625000000       0.612307500000000      -0.308349158992440     
   2.13807625000000       0.917461250000000      -0.324962510496318     
   2.13807625000000        1.22261500000000      -0.337858633796762     
   2.13807625000000        1.52776875000000      -0.345142178376767     
   2.13807625000000        1.83292250000000      -0.345519298801860     
   2.13807625000000        2.13807625000000      -0.339155534223163     
   2.13807625000000        2.44323000000000      -0.327591879670197     
   2.13807625000000        2.74838375000000      -0.312823841862695     
   2.13807625000000        3.05353750000000      -0.296322544624880     
   2.13807625000000        3.35869125000000      -0.278722104499914     
   2.13807625000000        3.66384500000000      -0.260253783488177     
   2.13807625000000        3.96899875000000      -0.241338692544373     
   2.13807625000000        4.27415250000000      -0.222777260795601     
   2.13807625000000        4.57930625000000      -0.205473600223665     
   2.13807625000000        4.88446000000000      -0.189968116537295     
   2.13807625000000        5.18961375000000      -0.176195575232981     
   2.13807625000000        5.49476750000000      -0.163685306641683     
   2.13807625000000        5.79992125000000      -0.151998206741602     
   2.13807625000000        6.10507500000000      -0.141019637733726     
   2.13807625000000        6.41022875000000      -0.130909516654142     
   2.13807625000000        6.71538250000000      -0.121828716845388     
   2.13807625000000        7.02053625000000      -0.113723532871695     
   2.13807625000000        7.32569000000000      -0.106338497347606     
   2.44323000000000       2.000000000000000E-003 -0.303238074358189     
   2.44323000000000       0.307153750000000      -0.327344990766732     
   2.44323000000000       0.612307500000000      -0.347816945163059     
   2.44323000000000       0.917461250000000      -0.365031395855258     
   2.44323000000000        1.22261500000000      -0.378000270885199     
   2.44323000000000        1.52776875000000      -0.384465528656957     
   2.44323000000000        1.83292250000000      -0.382460308264488     
   2.44323000000000        2.13807625000000      -0.372031264945292     
   2.44323000000000        2.44323000000000      -0.355374256588506     
   2.44323000000000        2.74838375000000      -0.335512320329115     
   2.44323000000000        3.05353750000000      -0.314744154057669     
   2.44323000000000        3.35869125000000      -0.293986778490995     
   2.44323000000000        3.66384500000000      -0.273266516272480     
   2.44323000000000        3.96899875000000      -0.252614557306555     
   2.44323000000000        4.27415250000000      -0.232537859618652     
   2.44323000000000        4.57930625000000      -0.213858363839350     
   2.44323000000000        4.88446000000000      -0.197162960887236     
   2.44323000000000        5.18961375000000      -0.182411358097573     
   2.44323000000000        5.49476750000000      -0.169070612143182     
   2.44323000000000        5.79992125000000      -0.156599474084066     
   2.44323000000000        6.10507500000000      -0.144837900322510     
   2.44323000000000        6.41022875000000      -0.134007608661560     
   2.44323000000000        6.71538250000000      -0.124388958237620     
   2.44323000000000        7.02053625000000      -0.115982166503253     
   2.44323000000000        7.32569000000000      -0.108425363789634     
   2.74838375000000       2.000000000000000E-003 -0.346738860178076     
   2.74838375000000       0.307153750000000      -0.374877631964195     
   2.74838375000000       0.612307500000000      -0.396975130063127     
   2.74838375000000       0.917461250000000      -0.412009622175638     
   2.74838375000000        1.22261500000000      -0.421011342232429     
   2.74838375000000        1.52776875000000      -0.424524958186826     
   2.74838375000000        1.83292250000000      -0.419155473083089     
   2.74838375000000        2.13807625000000      -0.404141044092336     
   2.74838375000000        2.44323000000000      -0.381977141229733     
   2.74838375000000        2.74838375000000      -0.356608884678019     
   2.74838375000000        3.05353750000000      -0.331218730465928     
   2.74838375000000        3.35869125000000      -0.307116214136415     
   2.74838375000000        3.66384500000000      -0.284157313061291     
   2.74838375000000        3.96899875000000      -0.261931540446582     
   2.74838375000000        4.27415250000000      -0.240588640211524     
   2.74838375000000        4.57930625000000      -0.220803033245682     
   2.74838375000000        4.88446000000000      -0.203148969756020     
   2.74838375000000        5.18961375000000      -0.187594338896181     
   2.74838375000000        5.49476750000000      -0.173568439058120     
   2.74838375000000        5.79992125000000      -0.160458691038336     
   2.74838375000000        6.10507500000000      -0.148070209781640     
   2.74838375000000        6.41022875000000      -0.136680952871140     
   2.74838375000000        6.71538250000000      -0.126658963576800     
   2.74838375000000        7.02053625000000      -0.118150548201055     
   2.74838375000000        7.32569000000000      -0.110709644533232     
   3.05353750000000       2.000000000000000E-003 -0.393289331150340     
   3.05353750000000       0.307153750000000      -0.425698185563115     
   3.05353750000000       0.612307500000000      -0.448906963249159     
   3.05353750000000       0.917461250000000      -0.462258444430653     
   3.05353750000000        1.22261500000000      -0.463215787199898     
   3.05353750000000        1.52776875000000      -0.460632927915583     
   3.05353750000000        1.83292250000000      -0.451154682867665     
   3.05353750000000        2.13807625000000      -0.431737900180091     
   3.05353750000000        2.44323000000000      -0.404565082508301     
   3.05353750000000        2.74838375000000      -0.374208530687699     
   3.05353750000000        3.05353750000000      -0.344627588915152     
   3.05353750000000        3.35869125000000      -0.317537174368768     
   3.05353750000000        3.66384500000000      -0.292638679119061     
   3.05353750000000        3.96899875000000      -0.269083494417766     
   3.05353750000000        4.27415250000000      -0.246712510802299     
   3.05353750000000        4.57930625000000      -0.226074343412245     
   3.05353750000000        4.88446000000000      -0.207697560673706     
   3.05353750000000        5.18961375000000      -0.191533742219972     
   3.05353750000000        5.49476750000000      -0.176984592939705     
   3.05353750000000        5.79992125000000      -0.163387790667523     
   3.05353750000000        6.10507500000000      -0.150514707140492     
   3.05353750000000        6.41022875000000      -0.138621984736632     
   3.05353750000000        6.71538250000000      -0.128171746778016     
   3.05353750000000        7.02053625000000      -0.119764041568299     
   3.05353750000000        7.32569000000000      -0.112805355222716     
   3.35869125000000       2.000000000000000E-003 -0.426537880539906     
   3.35869125000000       0.307153750000000      -0.464758866995128     
   3.35869125000000       0.612307500000000      -0.490743787948481     
   3.35869125000000       0.917461250000000      -0.501923600831861     
   3.35869125000000        1.22261500000000      -0.497105430325573     
   3.35869125000000        1.52776875000000      -0.486585269059660     
   3.35869125000000        1.83292250000000      -0.473298695852721     
   3.35869125000000        2.13807625000000      -0.450588526774492     
   3.35869125000000        2.44323000000000      -0.419879019474825     
   3.35869125000000        2.74838375000000      -0.386040087381371     
   3.35869125000000        3.05353750000000      -0.353559136531457     
   3.35869125000000        3.35869125000000      -0.324447668368614     
   3.35869125000000        3.66384500000000      -0.298250930765246     
   3.35869125000000        3.96899875000000      -0.273748765009024     
   3.35869125000000        4.27415250000000      -0.250630314857595     
   3.35869125000000        4.57930625000000      -0.229408028686260     
   3.35869125000000        4.88446000000000      -0.210562204556712     
   3.35869125000000        5.18961375000000      -0.194010933425262     
   3.35869125000000        5.49476750000000      -0.179128801849772     
   3.35869125000000        5.79992125000000      -0.165216899830251     
   3.35869125000000        6.10507500000000      -0.151999105265358     
   3.35869125000000        6.41022875000000      -0.139625419515009     
   3.35869125000000        6.71538250000000      -0.128686071687629     
   3.35869125000000        7.02053625000000      -0.120376573441071     
   3.35869125000000        7.32569000000000      -0.113890561400155     
   3.66384500000000       2.000000000000000E-003 -0.433290782050359     
   3.66384500000000       0.307153750000000      -0.477323104099942     
   3.66384500000000       0.612307500000000      -0.506781813496282     
   3.66384500000000       0.917461250000000      -0.517205972108119     
   3.66384500000000        1.22261500000000      -0.510290942424496     
   3.66384500000000        1.52776875000000      -0.496169837352219     
   3.66384500000000        1.83292250000000      -0.481254127579516     
   3.66384500000000        2.13807625000000      -0.457302555505726     
   3.66384500000000        2.44323000000000      -0.425310428609945     
   3.66384500000000        2.74838375000000      -0.390222967946667     
   3.66384500000000        3.05353750000000      -0.356715388853856     
   3.66384500000000        3.35869125000000      -0.326909232107236     
   3.66384500000000        3.66384500000000      -0.300269533246459     
   3.66384500000000        3.96899875000000      -0.275406531356582     
   3.66384500000000        4.27415250000000      -0.251992557753174     
   3.66384500000000        4.57930625000000      -0.230551348985295     
   3.66384500000000        4.88446000000000      -0.211539025062648     
   3.66384500000000        5.18961375000000      -0.194854150195998     
   3.66384500000000        5.49476750000000      -0.179857269002596     
   3.66384500000000        5.79992125000000      -0.165833957296368     
   3.66384500000000        6.10507500000000      -0.152479288581684     
   3.66384500000000        6.41022875000000      -0.139886789180508     
   3.66384500000000        6.71538250000000      -0.128675059689881     
   3.66384500000000        7.02053625000000      -0.120467727434293     
   3.66384500000000        7.32569000000000      -0.114393898145245     
   3.96899875000000       2.000000000000000E-003 -0.426545592489086     
   3.96899875000000       0.307153750000000      -0.464782333327023     
   3.96899875000000       0.612307500000000      -0.490764461784698     
   3.96899875000000       0.917461250000000      -0.501936379576163     
   3.96899875000000        1.22261500000000      -0.497111501133404     
   3.96899875000000        1.52776875000000      -0.486586503996294     
   3.96899875000000        1.83292250000000      -0.473296367546785     
   3.96899875000000        2.13807625000000      -0.450583241376547     
   3.96899875000000        2.44323000000000      -0.419871342528302     
   3.96899875000000        2.74838375000000      -0.386030576536590     
   3.96899875000000        3.05353750000000      -0.353548326872741     
   3.96899875000000        3.35869125000000      -0.324435973296562     
   3.96899875000000        3.66384500000000      -0.298238650323942     
   3.96899875000000        3.96899875000000      -0.273736234410670     
   3.96899875000000        4.27415250000000      -0.250617843193313     
   3.96899875000000        4.57930625000000      -0.229395905167623     
   3.96899875000000        4.88446000000000      -0.210550559773157     
   3.96899875000000        5.18961375000000      -0.193999621376656     
   3.96899875000000        5.49476750000000      -0.179117217161259     
   3.96899875000000        5.79992125000000      -0.165203716653717     
   3.96899875000000        6.10507500000000      -0.151981289530697     
   3.96899875000000        6.41022875000000      -0.139597324306909     
   3.96899875000000        6.71538250000000      -0.128641435244694     
   3.96899875000000        7.02053625000000      -0.120316494035020     
   3.96899875000000        7.32569000000000      -0.113821801566669     
   4.27415250000000       2.000000000000000E-003 -0.393303517567491     
   4.27415250000000       0.307153750000000      -0.425725877793613     
   4.27415250000000       0.612307500000000      -0.448933675426062     
   4.27415250000000       0.917461250000000      -0.462276752925266     
   4.27415250000000        1.22261500000000      -0.463224904601305     
   4.27415250000000        1.52776875000000      -0.460634658189803     
   4.27415250000000        1.83292250000000      -0.451150039870862     
   4.27415250000000        2.13807625000000      -0.431727588945448     
   4.27415250000000        2.44323000000000      -0.404550042805816     
   4.27415250000000        2.74838375000000      -0.374189799998117     
   4.27415250000000        3.05353750000000      -0.344606170118807     
   4.27415250000000        3.35869125000000      -0.317513843320208     
   4.27415250000000        3.66384500000000      -0.292614073284071     
   4.27415250000000        3.96899875000000      -0.269058215250683     
   4.27415250000000        4.27415250000000      -0.246687201262528     
   4.27415250000000        4.57930625000000      -0.226049633318818     
   4.27415250000000        4.88446000000000      -0.207673832296847     
   4.27415250000000        5.18961375000000      -0.191510828865017     
   4.27415250000000        5.49476750000000      -0.176961605293316     
   4.27415250000000        5.79992125000000      -0.163362733750957     
   4.27415250000000        6.10507500000000      -0.150483629582845     
   4.27415250000000        6.41022875000000      -0.138577391740786     
   4.27415250000000        6.71538250000000      -0.128104714709005     
   4.27415250000000        7.02053625000000      -0.119669799618776     
   4.27415250000000        7.32569000000000      -0.112690231468809     
   4.57930625000000       2.000000000000000E-003 -0.346753261559744     
   4.57930625000000       0.307153750000000      -0.374900892502251     
   4.57930625000000       0.612307500000000      -0.396998824787096     
   4.57930625000000       0.917461250000000      -0.412027322169984     
   4.57930625000000        1.22261500000000      -0.421021014158951     
   4.57930625000000        1.52776875000000      -0.424526362791985     
   4.57930625000000        1.83292250000000      -0.419148508175125     
   4.57930625000000        2.13807625000000      -0.404126102399611     
   4.57930625000000        2.44323000000000      -0.381955269692845     
   4.57930625000000        2.74838375000000      -0.356581543667063     
   4.57930625000000        3.05353750000000      -0.331187296736727     
   4.57930625000000        3.35869125000000      -0.307081748511598     
   4.57930625000000        3.66384500000000      -0.284120595882016     
   4.57930625000000        3.96899875000000      -0.261893357567048     
   4.57930625000000        4.27415250000000      -0.240549913716516     
   4.57930625000000        4.57930625000000      -0.220764805972437     
   4.57930625000000        4.88446000000000      -0.203112014322822     
   4.57930625000000        5.18961375000000      -0.187558759367184     
   4.57930625000000        5.49476750000000      -0.173533418285197     
   4.57930625000000        5.79992125000000      -0.160422256404390     
   4.57930625000000        6.10507500000000      -0.148028988138767     
   4.57930625000000        6.41022875000000      -0.136629671581880     
   4.57930625000000        6.71538250000000      -0.126590911741346     
   4.57930625000000        7.02053625000000      -0.118062156136856     
   4.57930625000000        7.32569000000000      -0.110606455486867     
   4.88446000000000       2.000000000000000E-003 -0.303253695642594     
   4.88446000000000       0.307153750000000      -0.327364924547387     
   4.88446000000000       0.612307500000000      -0.347837024484162     
   4.88446000000000       0.917461250000000      -0.365047502150047     
   4.88446000000000        1.22261500000000      -0.378009542933830     
   4.88446000000000        1.52776875000000      -0.384465963607363     
   4.88446000000000        1.83292250000000      -0.382450816968215     
   4.88446000000000        2.13807625000000      -0.372011873141197     
   4.88446000000000        2.44323000000000      -0.355346159861485     
   4.88446000000000        2.74838375000000      -0.335477286451625     
   4.88446000000000        3.05353750000000      -0.314703835014293     
   4.88446000000000        3.35869125000000      -0.293942290873175     
   4.88446000000000        3.66384500000000      -0.273218485855305     
   4.88446000000000        3.96899875000000      -0.252563653633213     
   4.88446000000000        4.27415250000000      -0.232485170997368     
   4.88446000000000        4.57930625000000      -0.213805309253699     
   4.88446000000000        4.88446000000000      -0.197110905247369     
   4.88446000000000        5.18961375000000      -0.182360880236246     
   4.88446000000000        5.49476750000000      -0.169021212262533     
   4.88446000000000        5.79992125000000      -0.156549540561134     
   4.88446000000000        6.10507500000000      -0.144784861438523     
   4.88446000000000        6.41022875000000      -0.133948295688482     
   4.88446000000000        6.71538250000000      -0.124320343775731     
   4.88446000000000        7.02053625000000      -0.115903123147659     
   4.88446000000000        7.32569000000000      -0.108338732743237     
   5.18961375000000       2.000000000000000E-003 -0.268745692693765     
   5.18961375000000       0.307153750000000      -0.289473640774664     
   5.18961375000000       0.612307500000000      -0.308369108452940     
   5.18961375000000       0.917461250000000      -0.324978448455534     
   5.18961375000000        1.22261500000000      -0.337867353519248     
   5.18961375000000        1.52776875000000      -0.345140965132576     
   5.18961375000000        1.83292250000000      -0.345506581636374     
   5.18961375000000        2.13807625000000      -0.339131351551345     
   5.18961375000000        2.44323000000000      -0.327557779231288     
   5.18961375000000        2.74838375000000      -0.312782064235921     
   5.18961375000000        3.05353750000000      -0.296274961785036     
   5.18961375000000        3.35869125000000      -0.278669479728426     
   5.18961375000000        3.66384500000000      -0.260196056022074     
   5.18961375000000        3.96899875000000      -0.241275850049507     
   5.18961375000000        4.27415250000000      -0.222710224117941     
   5.18961375000000        4.57930625000000      -0.205404247057201     
   5.18961375000000        4.88446000000000      -0.189898516972240     
   5.18961375000000        5.18961375000000      -0.176126980087131     
   5.18961375000000        5.49476750000000      -0.163617647625941     
   5.18961375000000        5.79992125000000      -0.151930121542164     
   5.18961375000000        6.10507500000000      -0.140949027841824     
   5.18961375000000        6.41022875000000      -0.130834135646087     
   5.18961375000000        6.71538250000000      -0.121746980197438     
   5.18961375000000        7.02053625000000      -0.113635480448106     
   5.18961375000000        7.32569000000000      -0.106246536157328     
   5.49476750000000       2.000000000000000E-003 -0.242460100346699     
   5.49476750000000       0.307153750000000      -0.260244686611802     
   5.49476750000000       0.612307500000000      -0.276825369341113     
   5.49476750000000       0.917461250000000      -0.291369590003060     
   5.49476750000000        1.22261500000000      -0.302634773964756     
   5.49476750000000        1.52776875000000      -0.309507830149311     
   5.49476750000000        1.83292250000000      -0.311259712064473     
   5.49476750000000        2.13807625000000      -0.307952332979772     
   5.49476750000000        2.44323000000000      -0.300405825482112     
   5.49476750000000        2.74838375000000      -0.289692128558916     
   5.49476750000000        3.05353750000000      -0.276630654793475     
   5.49476750000000        3.35869125000000      -0.261702322710303     
   5.49476750000000        3.66384500000000      -0.245355854093822     
   5.49476750000000        3.96899875000000      -0.228307042319197     
   5.49476750000000        4.27415250000000      -0.211509869098634     
   5.49476750000000        4.57930625000000      -0.195834280388539     
   5.49476750000000        4.88446000000000      -0.181717065146679     
   5.49476750000000        5.18961375000000      -0.169069756701642     
   5.49476750000000        5.49476750000000      -0.157517646582464     
   5.49476750000000        5.79992125000000      -0.146754610807825     
   5.49476750000000        6.10507500000000      -0.136718693539615     
   5.49476750000000        6.41022875000000      -0.127487721761165     
   5.49476750000000        6.71538250000000      -0.119076080294423     
   5.49476750000000        7.02053625000000      -0.111395566672878     
   5.49476750000000        7.32569000000000      -0.104293643447859     
   5.79992125000000       2.000000000000000E-003 -0.223189437756000     
   5.79992125000000       0.307153750000000      -0.238458149421681     
   5.79992125000000       0.612307500000000      -0.252421703272796     
   5.79992125000000       0.917461250000000      -0.264345258039987     
   5.79992125000000        1.22261500000000      -0.273368354957034     
   5.79992125000000        1.52776875000000      -0.278922146321274     
   5.79992125000000        1.83292250000000      -0.281029093399496     
   5.79992125000000        2.13807625000000      -0.279562691678853     
   5.79992125000000        2.44323000000000      -0.274699618328052     
   5.79992125000000        2.74838375000000      -0.266803231697163     
   5.79992125000000        3.05353750000000      -0.256256051956376     
   5.79992125000000        3.35869125000000      -0.243492946570626     
   5.79992125000000        3.66384500000000      -0.229159011286624     
   5.79992125000000        3.96899875000000      -0.214135713450253     
   5.79992125000000        4.27415250000000      -0.199348661586706     
   5.79992125000000        4.57930625000000      -0.185500430316301     
   5.79992125000000        4.88446000000000      -0.172892485197316     
   5.79992125000000        5.18961375000000      -0.161448402757017     
   5.79992125000000        5.49476750000000      -0.150937852791483     
   5.79992125000000        5.79992125000000      -0.141222110102871     
   5.79992125000000        6.10507500000000      -0.132303160070824     
   5.79992125000000        6.41022875000000      -0.124106756515740     
   5.79992125000000        6.71538250000000      -0.116531823595758     
   5.79992125000000        7.02053625000000      -0.109439119464266     
   5.79992125000000        7.32569000000000      -0.102703194947761     
   6.10507500000000       2.000000000000000E-003 -0.209848187325202     
   6.10507500000000       0.307153750000000      -0.222745313465791     
   6.10507500000000       0.612307500000000      -0.233811172038129     
   6.10507500000000       0.917461250000000      -0.242841882350782     
   6.10507500000000        1.22261500000000      -0.249449270779607     
   6.10507500000000        1.52776875000000      -0.253377499423050     
   6.10507500000000        1.83292250000000      -0.254840738935742     
   6.10507500000000        2.13807625000000      -0.254063185786535     
   6.10507500000000        2.44323000000000      -0.250659288296647     
   6.10507500000000        2.74838375000000      -0.244500138608624     
   6.10507500000000        3.05353750000000      -0.235693977641278     
   6.10507500000000        3.35869125000000      -0.224672118621481     
   6.10507500000000        3.66384500000000      -0.212275498959059     
   6.10507500000000        3.96899875000000      -0.199477874436959     
   6.10507500000000        4.27415250000000      -0.186918863165658     
   6.10507500000000        4.57930625000000      -0.174981515070296     
   6.10507500000000        4.88446000000000      -0.163858984391602     
   6.10507500000000        5.18961375000000      -0.153576003462110     
   6.10507500000000        5.49476750000000      -0.144103838096301     
   6.10507500000000        5.79992125000000      -0.135502867863800     
   6.10507500000000        6.10507500000000      -0.127760061577595     
   6.10507500000000        6.41022875000000      -0.120711532793665     
   6.10507500000000        6.71538250000000      -0.114138240641458     
   6.10507500000000        7.02053625000000      -0.107782652840076     
   6.10507500000000        7.32569000000000      -0.101499037281218     
   6.41022875000000       2.000000000000000E-003 -0.201156274992709     
   6.41022875000000       0.307153750000000      -0.210958848413718     
   6.41022875000000       0.612307500000000      -0.218453660043037     
   6.41022875000000       0.917461250000000      -0.224625595449588     
   6.41022875000000        1.22261500000000      -0.228973911925715     
   6.41022875000000        1.52776875000000      -0.231354389183733     
   6.41022875000000        1.83292250000000      -0.231951571401649     
   6.41022875000000        2.13807625000000      -0.231120069589698     
   6.41022875000000        2.44323000000000      -0.228388848842878     
   6.41022875000000        2.74838375000000      -0.223314995532004     
   6.41022875000000        3.05353750000000      -0.215601441199010     
   6.41022875000000        3.35869125000000      -0.205672747795162     
   6.41022875000000        3.66384500000000      -0.195093639169503     
   6.41022875000000        3.96899875000000      -0.184993990354793     
   6.41022875000000        4.27415250000000      -0.175070402208168     
   6.41022875000000        4.57930625000000      -0.164983399440120     
   6.41022875000000        4.88446000000000      -0.155093352757824     
   6.41022875000000        5.18961375000000      -0.145756337745914     
   6.41022875000000        5.49476750000000      -0.137183887985600     
   6.41022875000000        5.79992125000000      -0.129597124832908     
   6.41022875000000        6.10507500000000      -0.123000645892988     
   6.41022875000000        6.41022875000000      -0.117156130905424     
   6.41022875000000        6.71538250000000      -0.111685039318100     
   6.41022875000000        7.02053625000000      -0.106214856303200     
   6.41022875000000        7.32569000000000      -0.100566579709607     
   6.71538250000000       2.000000000000000E-003 -0.194682426988477     
   6.71538250000000       0.307153750000000      -0.199093897691447     
   6.71538250000000       0.612307500000000      -0.202862373350349     
   6.71538250000000       0.917461250000000      -0.207467310916324     
   6.71538250000000        1.22261500000000      -0.210280834379191     
   6.71538250000000        1.52776875000000      -0.211427762838111     
   6.71538250000000        1.83292250000000      -0.211389671277389     
   6.71538250000000        2.13807625000000      -0.210389694733549     
   6.71538250000000        2.44323000000000      -0.208108152963928     
   6.71538250000000        2.74838375000000      -0.203888438747735     
   6.71538250000000        3.05353750000000      -0.197011383863614     
   6.71538250000000        3.35869125000000      -0.188091974704488     
   6.71538250000000        3.66384500000000      -0.179551754271053     
   6.71538250000000        3.96899875000000      -0.172625503524550     
   6.71538250000000        4.27415250000000      -0.165206841172668     
   6.71538250000000        4.57930625000000      -0.156284557557610     
   6.71538250000000        4.88446000000000      -0.146963727660463     
   6.71538250000000        5.18961375000000      -0.138178081068348     
   6.71538250000000        5.49476750000000      -0.130244389026047     
   6.71538250000000        5.79992125000000      -0.123513750602223     
   6.71538250000000        6.10507500000000      -0.117981899386837     
   6.71538250000000        6.41022875000000      -0.113292844901291     
   6.71538250000000        6.71538250000000      -0.108834055320470     
   6.71538250000000        7.02053625000000      -0.104302340887875     
   6.71538250000000        7.32569000000000      -9.969846936148635E-002
   7.02053625000000       2.000000000000000E-003 -0.185249628607231     
   7.02053625000000       0.307153750000000      -0.184584332892652     
   7.02053625000000       0.612307500000000      -0.187067587885411     
   7.02053625000000       0.917461250000000      -0.191139408116086     
   7.02053625000000        1.22261500000000      -0.192765787093844     
   7.02053625000000        1.52776875000000      -0.192992192765918     
   7.02053625000000        1.83292250000000      -0.192585911395403     
   7.02053625000000        2.13807625000000      -0.191683725663934     
   7.02053625000000        2.44323000000000      -0.190022634894594     
   7.02053625000000        2.74838375000000      -0.187002249707313     
   7.02053625000000        3.05353750000000      -0.182101794049645     
   7.02053625000000        3.35869125000000      -0.175759614548897     
   7.02053625000000        3.66384500000000      -0.169973264188838     
   7.02053625000000        3.96899875000000      -0.165112348794654     
   7.02053625000000        4.27415250000000      -0.158391351372181     
   7.02053625000000        4.57930625000000      -0.149121595041845     
   7.02053625000000        4.88446000000000      -0.139473742084406     
   7.02053625000000        5.18961375000000      -0.130831173084642     
   7.02053625000000        5.49476750000000      -0.123345657037491     
   7.02053625000000        5.79992125000000      -0.117366277298879     
   7.02053625000000        6.10507500000000      -0.112810049954808     
   7.02053625000000        6.41022875000000      -0.109276142193814     
   7.02053625000000        6.71538250000000      -0.105877851514588     
   7.02053625000000        7.02053625000000      -0.102247256430911     
   7.02053625000000        7.32569000000000      -9.891330218721159E-002
   7.32569000000000       2.000000000000000E-003 -0.172942553312330     
   7.32569000000000       0.307153750000000      -0.176827422074151     
   7.32569000000000       0.612307500000000      -0.176812165314571     
   7.32569000000000       0.917461250000000      -0.176848037167371     
   7.32569000000000        1.22261500000000      -0.176523981685623     
   7.32569000000000        1.52776875000000      -0.176037149653853     
   7.32569000000000        1.83292250000000      -0.175508330745685     
   7.32569000000000        2.13807625000000      -0.174893282070429     
   7.32569000000000        2.44323000000000      -0.173969104849060     
   7.32569000000000        2.74838375000000      -0.172597508212916     
   7.32569000000000        3.05353750000000      -0.170670680357922     
   7.32569000000000        3.35869125000000      -0.167976488341562     
   7.32569000000000        3.66384500000000      -0.163546100551149     
   7.32569000000000        3.96899875000000      -0.158634215623115     
   7.32569000000000        4.27415250000000      -0.151776076559989     
   7.32569000000000        4.57930625000000      -0.141843718462365     
   7.32569000000000        4.88446000000000      -0.131948711402914     
   7.32569000000000        5.18961375000000      -0.123525433931500     
   7.32569000000000        5.49476750000000      -0.116572226922027     
   7.32569000000000        5.79992125000000      -0.111309751774322     
   7.32569000000000        6.10507500000000      -0.107647022820798     
   7.32569000000000        6.41022875000000      -0.105281618787402     
   7.32569000000000        6.71538250000000      -0.103476039125626     
   7.32569000000000        7.02053625000000      -0.100640534586072     
   7.32569000000000        7.32569000000000      -9.644493584476449E-002
