  2.000000000000000E-003  2.000000000000000E-003  -2.02552923316852     
  2.000000000000000E-003  0.307153750000000       -1.90284897738888     
  2.000000000000000E-003  0.612307500000000       -1.54586716898436     
  2.000000000000000E-003  0.917461250000000       -1.12969388001152     
  2.000000000000000E-003   1.22261500000000      -0.825283853189844     
  2.000000000000000E-003   1.52776875000000      -0.622245433169954     
  2.000000000000000E-003   1.83292250000000      -0.485510267681869     
  2.000000000000000E-003   2.13807625000000      -0.390752075308710     
  2.000000000000000E-003   2.44323000000000      -0.321764430958584     
  2.000000000000000E-003   2.74838375000000      -0.270442838739437     
  2.000000000000000E-003   3.05353750000000      -0.234091061567654     
  2.000000000000000E-003   3.35869125000000      -0.212963666113193     
  2.000000000000000E-003   3.66384500000000      -0.200601170522994     
  2.000000000000000E-003   3.96899875000000      -0.174823187655249     
  2.000000000000000E-003   4.27415250000000      -0.154139890334557     
  2.000000000000000E-003   4.57930625000000      -0.137682552538803     
  2.000000000000000E-003   4.88446000000000      -0.124428813358765     
  2.000000000000000E-003   5.18961375000000      -0.113277096177517     
  2.000000000000000E-003   5.49476750000000      -0.103044586536680     
  2.000000000000000E-003   5.79992125000000      -9.437956765994786E-002
  2.000000000000000E-003   6.10507500000000      -8.686478986977471E-002
  2.000000000000000E-003   6.41022875000000      -7.954283006854991E-002
  2.000000000000000E-003   6.71538250000000      -7.149321526772574E-002
  2.000000000000000E-003   7.02053625000000      -6.447045371825497E-002
  2.000000000000000E-003   7.32569000000000      -6.154273695031372E-002
  0.307153750000000       2.000000000000000E-003  -1.90283675224509     
  0.307153750000000       0.307153750000000       -1.73127394583012     
  0.307153750000000       0.612307500000000       -1.40430012103377     
  0.307153750000000       0.917461250000000       -1.05649550365810     
  0.307153750000000        1.22261500000000      -0.789428749372565     
  0.307153750000000        1.52776875000000      -0.603797189279359     
  0.307153750000000        1.83292250000000      -0.475609999624013     
  0.307153750000000        2.13807625000000      -0.385455494385274     
  0.307153750000000        2.44323000000000      -0.319504957421596     
  0.307153750000000        2.74838375000000      -0.270480833825553     
  0.307153750000000        3.05353750000000      -0.236340609083716     
  0.307153750000000        3.35869125000000      -0.216268436962673     
  0.307153750000000        3.66384500000000      -0.201695453210482     
  0.307153750000000        3.96899875000000      -0.178355599576642     
  0.307153750000000        4.27415250000000      -0.155998585362242     
  0.307153750000000        4.57930625000000      -0.138489983196105     
  0.307153750000000        4.88446000000000      -0.124851986391497     
  0.307153750000000        5.18961375000000      -0.113556969177899     
  0.307153750000000        5.49476750000000      -0.103416633320142     
  0.307153750000000        5.79992125000000      -9.493159149459519E-002
  0.307153750000000        6.10507500000000      -8.775624391532615E-002
  0.307153750000000        6.41022875000000      -8.120846893517379E-002
  0.307153750000000        6.71538250000000      -7.458360574321753E-002
  0.307153750000000        7.02053625000000      -6.755218439642070E-002
  0.307153750000000        7.32569000000000      -5.985077857931628E-002
  0.612307500000000       2.000000000000000E-003  -1.54585287095481     
  0.612307500000000       0.307153750000000       -1.40429101972483     
  0.612307500000000       0.612307500000000       -1.14563812951984     
  0.612307500000000       0.917461250000000      -0.901301200352031     
  0.612307500000000        1.22261500000000      -0.704423614084695     
  0.612307500000000        1.52776875000000      -0.557095978451732     
  0.612307500000000        1.83292250000000      -0.449398062360987     
  0.612307500000000        2.13807625000000      -0.370739532112989     
  0.612307500000000        2.44323000000000      -0.312302976253589     
  0.612307500000000        2.74838375000000      -0.268638623939630     
  0.612307500000000        3.05353750000000      -0.238099614972518     
  0.612307500000000        3.35869125000000      -0.217975429498451     
  0.612307500000000        3.66384500000000      -0.200862781451891     
  0.612307500000000        3.96899875000000      -0.179563466356148     
  0.612307500000000        4.27415250000000      -0.157683121849330     
  0.612307500000000        4.57930625000000      -0.139610592308364     
  0.612307500000000        4.88446000000000      -0.125600035558884     
  0.612307500000000        5.18961375000000      -0.114175743875925     
  0.612307500000000        5.49476750000000      -0.104387783050662     
  0.612307500000000        5.79992125000000      -9.626001828021354E-002
  0.612307500000000        6.10507500000000      -8.966337184809824E-002
  0.612307500000000        6.41022875000000      -8.396431655856371E-002
  0.612307500000000        6.71538250000000      -7.790065839803688E-002
  0.612307500000000        7.02053625000000      -6.924663641876509E-002
  0.612307500000000        7.32569000000000      -6.153163423416175E-002
  0.917461250000000       2.000000000000000E-003  -1.12967666794940     
  0.917461250000000       0.307153750000000       -1.05648088232540     
  0.917461250000000       0.612307500000000      -0.901293347058365     
  0.917461250000000       0.917461250000000      -0.742414331379126     
  0.917461250000000        1.22261500000000      -0.606722569412144     
  0.917461250000000        1.52776875000000      -0.498123672418793     
  0.917461250000000        1.83292250000000      -0.413965280646319     
  0.917461250000000        2.13807625000000      -0.349315368737732     
  0.917461250000000        2.44323000000000      -0.299905425319110     
  0.917461250000000        2.74838375000000      -0.262429191668905     
  0.917461250000000        3.05353750000000      -0.234697875113235     
  0.917461250000000        3.35869125000000      -0.213934277485043     
  0.917461250000000        3.66384500000000      -0.195424946948176     
  0.917461250000000        3.96899875000000      -0.175834316934137     
  0.917461250000000        4.27415250000000      -0.156350754581166     
  0.917461250000000        4.57930625000000      -0.139487417666164     
  0.917461250000000        4.88446000000000      -0.125840064277572     
  0.917461250000000        5.18961375000000      -0.114732781265972     
  0.917461250000000        5.49476750000000      -0.105497767386738     
  0.917461250000000        5.79992125000000      -9.775672809106732E-002
  0.917461250000000        6.10507500000000      -9.146250901869131E-002
  0.917461250000000        6.41022875000000      -8.597958226533385E-002
  0.917461250000000        6.71538250000000      -8.019427147737164E-002
  0.917461250000000        7.02053625000000      -7.324062566430861E-002
  0.917461250000000        7.32569000000000      -6.750147409775302E-002
   1.22261500000000       2.000000000000000E-003 -0.825261915550463     
   1.22261500000000       0.307153750000000      -0.789408663791867     
   1.22261500000000       0.612307500000000      -0.704408892815650     
   1.22261500000000       0.917461250000000      -0.606715031492026     
   1.22261500000000        1.22261500000000      -0.516135214824556     
   1.22261500000000        1.52776875000000      -0.438958958862783     
   1.22261500000000        1.83292250000000      -0.375599728112022     
   1.22261500000000        2.13807625000000      -0.324384566321288     
   1.22261500000000        2.44323000000000      -0.283818441326832     
   1.22261500000000        2.74838375000000      -0.251975691554834     
   1.22261500000000        3.05353750000000      -0.226877416356795     
   1.22261500000000        3.35869125000000      -0.206390522834464     
   1.22261500000000        3.66384500000000      -0.187976112050695     
   1.22261500000000        3.96899875000000      -0.170065058705329     
   1.22261500000000        4.27415250000000      -0.153057544388846     
   1.22261500000000        4.57930625000000      -0.138052461797867     
   1.22261500000000        4.88446000000000      -0.125425207499662     
   1.22261500000000        5.18961375000000      -0.114988932924066     
   1.22261500000000        5.49476750000000      -0.106327530735364     
   1.22261500000000        5.79992125000000      -9.900010919014067E-002
   1.22261500000000        6.10507500000000      -9.281604871320577E-002
   1.22261500000000        6.41022875000000      -8.735376731043501E-002
   1.22261500000000        6.71538250000000      -8.198050020849015E-002
   1.22261500000000        7.02053625000000      -7.646703881061707E-002
   1.22261500000000        7.32569000000000      -7.172611184168759E-002
   1.52776875000000       2.000000000000000E-003 -0.622218071011715     
   1.52776875000000       0.307153750000000      -0.603771570960870     
   1.52776875000000       0.612307500000000      -0.557075095523446     
   1.52776875000000       0.917461250000000      -0.498109408877808     
   1.52776875000000        1.22261500000000      -0.438951941636526     
   1.52776875000000        1.52776875000000      -0.385173440459350     
   1.52776875000000        1.83292250000000      -0.338219668624535     
   1.52776875000000        2.13807625000000      -0.298643640546713     
   1.52776875000000        2.44323000000000      -0.265996915892919     
   1.52776875000000        2.74838375000000      -0.239199010745314     
   1.52776875000000        3.05353750000000      -0.216890111871763     
   1.52776875000000        3.35869125000000      -0.197663938865184     
   1.52776875000000        3.66384500000000      -0.180292534134959     
   1.52776875000000        3.96899875000000      -0.164112529326976     
   1.52776875000000        4.27415250000000      -0.149192965680832     
   1.52776875000000        4.57930625000000      -0.135918386114492     
   1.52776875000000        4.88446000000000      -0.124504477427049     
   1.52776875000000        5.18961375000000      -0.114873167525515     
   1.52776875000000        5.49476750000000      -0.106748236434599     
   1.52776875000000        5.79992125000000      -9.979167495559195E-002
   1.52776875000000        6.10507500000000      -9.370669846206048E-002
   1.52776875000000        6.41022875000000      -8.825083834627132E-002
   1.52776875000000        6.71538250000000      -8.313376615548619E-002
   1.52776875000000        7.02053625000000      -7.827083568368516E-002
   1.52776875000000        7.32569000000000      -7.394506467904437E-002
   1.83292250000000       2.000000000000000E-003 -0.485477975077608     
   1.83292250000000       0.307153750000000      -0.475579471565555     
   1.83292250000000       0.612307500000000      -0.449372039562625     
   1.83292250000000       0.917461250000000      -0.413945405239566     
   1.83292250000000        1.22261500000000      -0.375586706028284     
   1.83292250000000        1.52776875000000      -0.338213495476966     
   1.83292250000000        1.83292250000000      -0.304004352322728     
   1.83292250000000        2.13807625000000      -0.273889228236889     
   1.83292250000000        2.44323000000000      -0.247908652704470     
   1.83292250000000        2.74838375000000      -0.225549391514763     
   1.83292250000000        3.05353750000000      -0.206057943328622     
   1.83292250000000        3.35869125000000      -0.188687141680436     
   1.83292250000000        3.66384500000000      -0.172874670771646     
   1.83292250000000        3.96899875000000      -0.158358557582548     
   1.83292250000000        4.27415250000000      -0.145160856373967     
   1.83292250000000        4.57930625000000      -0.133415334119806     
   1.83292250000000        4.88446000000000      -0.123178617688035     
   1.83292250000000        5.18961375000000      -0.114356286362751     
   1.83292250000000        5.49476750000000      -0.106736921370822     
   1.83292250000000        5.79992125000000      -0.100066454282791     
   1.83292250000000        6.10507500000000      -9.411129940357338E-002
   1.83292250000000        6.41022875000000      -8.868778046215138E-002
   1.83292250000000        6.71538250000000      -8.367453178720316E-002
   1.83292250000000        7.02053625000000      -7.904939816624318E-002
   1.83292250000000        7.32569000000000      -7.489939746676973E-002
   2.13807625000000       2.000000000000000E-003 -0.390715751102715     
   2.13807625000000       0.307153750000000      -0.385420940902583     
   2.13807625000000       0.612307500000000      -0.370709544089842     
   2.13807625000000       0.917461250000000      -0.349291460580550     
   2.13807625000000        1.22261500000000      -0.324367267783647     
   2.13807625000000        1.52776875000000      -0.298632856626568     
   2.13807625000000        1.83292250000000      -0.273884358861613     
   2.13807625000000        2.13807625000000      -0.251050261529833     
   2.13807625000000        2.44323000000000      -0.230399670254938     
   2.13807625000000        2.74838375000000      -0.211801073603438     
   2.13807625000000        3.05353750000000      -0.194960316068237     
   2.13807625000000        3.35869125000000      -0.179591577983105     
   2.13807625000000        3.66384500000000      -0.165507655656107     
   2.13807625000000        3.96899875000000      -0.152641167257376     
   2.13807625000000        4.27415250000000      -0.141006534009519     
   2.13807625000000        4.57930625000000      -0.130625005291187     
   2.13807625000000        4.88446000000000      -0.121459086632872     
   2.13807625000000        5.18961375000000      -0.113392943212200     
   2.13807625000000        5.49476750000000      -0.106254904086047     
   2.13807625000000        5.79992125000000      -9.985804653441502E-002
   2.13807625000000        6.10507500000000      -9.403705149021696E-002
   2.13807625000000        6.41022875000000      -8.867322573943777E-002
   2.13807625000000        6.71538250000000      -8.371172949631604E-002
   2.13807625000000        7.02053625000000      -7.917206691272458E-002
   2.13807625000000        7.32569000000000      -7.511893064663858E-002
   2.44323000000000       2.000000000000000E-003 -0.321723761636834     
   2.44323000000000       0.307153750000000      -0.319466683781778     
   2.44323000000000       0.612307500000000      -0.312270782921235     
   2.44323000000000       0.917461250000000      -0.299879954405042     
   2.44323000000000        1.22261500000000      -0.283799297510715     
   2.44323000000000        1.52776875000000      -0.265983619970114     
   2.44323000000000        1.83292250000000      -0.247900625773494     
   2.44323000000000        2.13807625000000      -0.230396132306798     
   2.44323000000000        2.44323000000000      -0.213848291012064     
   2.44323000000000        2.74838375000000      -0.198364596433962     
   2.44323000000000        3.05353750000000      -0.183942001437462     
   2.44323000000000        3.35869125000000      -0.170562805340471     
   2.44323000000000        3.66384500000000      -0.158227831705528     
   2.44323000000000        3.96899875000000      -0.146949980555017     
   2.44323000000000        4.27415250000000      -0.136732643004997     
   2.44323000000000        4.57930625000000      -0.127546755866130     
   2.44323000000000        4.88446000000000      -0.119318956663394     
   2.44323000000000        5.18961375000000      -0.111935756020983     
   2.44323000000000        5.49476750000000      -0.105260479641933     
   2.44323000000000        5.79992125000000      -9.915612853268664E-002
   2.44323000000000        6.10507500000000      -9.350696277986467E-002
   2.44323000000000        6.41022875000000      -8.823330108308083E-002
   2.44323000000000        6.71538250000000      -8.330622343867565E-002
   2.44323000000000        7.02053625000000      -7.878594865268752E-002
   2.44323000000000        7.32569000000000      -7.482901038011969E-002
   2.74838375000000       2.000000000000000E-003 -0.270399957757651     
   2.74838375000000       0.307153750000000      -0.270441584659652     
   2.74838375000000       0.612307500000000      -0.268607413346806     
   2.74838375000000       0.917461250000000      -0.262405358528718     
   2.74838375000000        1.22261500000000      -0.251957395673316     
   2.74838375000000        1.52776875000000      -0.239185344473992     
   2.74838375000000        1.83292250000000      -0.225539923388409     
   2.74838375000000        2.13807625000000      -0.211795351614306     
   2.74838375000000        2.44323000000000      -0.198362058877862     
   2.74838375000000        2.74838375000000      -0.185462819137743     
   2.74838375000000        3.05353750000000      -0.173230902981383     
   2.74838375000000        3.35869125000000      -0.161757122765523     
   2.74838375000000        3.66384500000000      -0.151102021415767     
   2.74838375000000        3.96899875000000      -0.141293639557768     
   2.74838375000000        4.27415250000000      -0.132326461178260     
   2.74838375000000        4.57930625000000      -0.124163471630865     
   2.74838375000000        4.88446000000000      -0.116739664352168     
   2.74838375000000        5.18961375000000      -0.109966488524734     
   2.74838375000000        5.49476750000000      -0.103740978033075     
   2.74838375000000        5.79992125000000      -9.796155811717416E-002
   2.74838375000000        6.10507500000000      -9.254280848950137E-002
   2.74838375000000        6.41022875000000      -8.741052556233882E-002
   2.74838375000000        6.71538250000000      -8.251124474544962E-002
   2.74838375000000        7.02053625000000      -7.801794086153244E-002
   2.74838375000000        7.32569000000000      -7.424561794251409E-002
   3.05353750000000       2.000000000000000E-003 -0.234048854735675     
   3.05353750000000       0.307153750000000      -0.236305077575356     
   3.05353750000000       0.612307500000000      -0.238075016121507     
   3.05353750000000       0.917461250000000      -0.234679609751027     
   3.05353750000000        1.22261500000000      -0.226862220401953     
   3.05353750000000        1.52776875000000      -0.216877618229468     
   3.05353750000000        1.83292250000000      -0.206048312518647     
   3.05353750000000        2.13807625000000      -0.194953516705867     
   3.05353750000000        2.44323000000000      -0.183937839918164     
   3.05353750000000        2.74838375000000      -0.173229050085128     
   3.05353750000000        3.05353750000000      -0.162976400937191     
   3.05353750000000        3.35869125000000      -0.153270580172532     
   3.05353750000000        3.66384500000000      -0.144159229575790     
   3.05353750000000        3.96899875000000      -0.135659272066126     
   3.05353750000000        4.27415250000000      -0.127768159211125     
   3.05353750000000        4.57930625000000      -0.120470641484032     
   3.05353750000000        4.88446000000000      -0.113736084827805     
   3.05353750000000        5.18961375000000      -0.107511519946685     
   3.05353750000000        5.49476750000000      -0.101724177482690     
   3.05353750000000        5.79992125000000      -9.629971745468024E-002
   3.05353750000000        6.10507500000000      -9.118050829079737E-002
   3.05353750000000        6.41022875000000      -8.628705023350208E-002
   3.05353750000000        6.71538250000000      -8.155782940309161E-002
   3.05353750000000        7.02053625000000      -7.720764899289054E-002
   3.05353750000000        7.32569000000000      -7.372759797001298E-002
   3.35869125000000       2.000000000000000E-003 -0.212924516186009     
   3.35869125000000       0.307153750000000      -0.216241315892366     
   3.35869125000000       0.612307500000000      -0.217960302233105     
   3.35869125000000       0.917461250000000      -0.213922486849092     
   3.35869125000000        1.22261500000000      -0.206378956113312     
   3.35869125000000        1.52776875000000      -0.197653000123861     
   3.35869125000000        1.83292250000000      -0.188677919962088     
   3.35869125000000        2.13807625000000      -0.179584413612142     
   3.35869125000000        2.44323000000000      -0.170557763338085     
   3.35869125000000        2.74838375000000      -0.161754093969347     
   3.35869125000000        3.05353750000000      -0.153269283869493     
   3.35869125000000        3.35869125000000      -0.145144770617811     
   3.35869125000000        3.66384500000000      -0.137393341863618     
   3.35869125000000        3.96899875000000      -0.130023483069835     
   3.35869125000000        4.27415250000000      -0.123049881003300     
   3.35869125000000        4.57930625000000      -0.116493010706168     
   3.35869125000000        4.88446000000000      -0.110362302736490     
   3.35869125000000        5.18961375000000      -0.104636997834883     
   3.35869125000000        5.49476750000000      -9.926786963107818E-002
   3.35869125000000        5.79992125000000      -9.420490263976888E-002
   3.35869125000000        6.10507500000000      -8.943229135598137E-002
   3.35869125000000        6.41022875000000      -8.489572879132247E-002
   3.35869125000000        6.71538250000000      -8.061195170292459E-002
   3.35869125000000        7.02053625000000      -7.681516056668859E-002
   3.35869125000000        7.32569000000000      -7.375640059166458E-002
   3.66384500000000       2.000000000000000E-003 -0.200572391277056     
   3.66384500000000       0.307153750000000      -0.201673581976176     
   3.66384500000000       0.612307500000000      -0.200849812408454     
   3.66384500000000       0.917461250000000      -0.195414421702639     
   3.66384500000000        1.22261500000000      -0.187965692274400     
   3.66384500000000        1.52776875000000      -0.180282350795051     
   3.66384500000000        1.83292250000000      -0.172865823574623     
   3.66384500000000        2.13807625000000      -0.165500501334661     
   3.66384500000000        2.44323000000000      -0.158222487275659     
   3.66384500000000        2.74838375000000      -0.151098453716912     
   3.66384500000000        3.05353750000000      -0.144157241248193     
   3.66384500000000        3.35869125000000      -0.137392577279152     
   3.66384500000000        3.66384500000000      -0.130796044744544     
   3.66384500000000        3.96899875000000      -0.124383621437203     
   3.66384500000000        4.27415250000000      -0.118196966250810     
   3.66384500000000        4.57930625000000      -0.112290675400692     
   3.66384500000000        4.88446000000000      -0.106703017495419     
   3.66384500000000        5.18961375000000      -0.101432482200087     
   3.66384500000000        5.49476750000000      -9.644482343277294E-002
   3.66384500000000        5.79992125000000      -9.170992554654707E-002
   3.66384500000000        6.10507500000000      -8.724785409274455E-002
   3.66384500000000        6.41022875000000      -8.306845856600806E-002
   3.66384500000000        6.71538250000000      -7.930520933646298E-002
   3.66384500000000        7.02053625000000      -7.630877854965304E-002
   3.66384500000000        7.32569000000000      -7.389661849437706E-002
   3.96899875000000       2.000000000000000E-003 -0.174771968386122     
   3.96899875000000       0.307153750000000      -0.178315486279036     
   3.96899875000000       0.612307500000000      -0.179539034969064     
   3.96899875000000       0.917461250000000      -0.175818320008591     
   3.96899875000000        1.22261500000000      -0.170052736527890     
   3.96899875000000        1.52776875000000      -0.164102102230592     
   3.96899875000000        1.83292250000000      -0.158349921789049     
   3.96899875000000        2.13807625000000      -0.152634285516213     
   3.96899875000000        2.44323000000000      -0.146944822064328     
   3.96899875000000        2.74838375000000      -0.141290114825020     
   3.96899875000000        3.05353750000000      -0.135657178377051     
   3.96899875000000        3.35869125000000      -0.130022496353694     
   3.96899875000000        3.66384500000000      -0.124383337612105     
   3.96899875000000        3.96899875000000      -0.118777379741767     
   3.96899875000000        4.27415250000000      -0.113274605448099     
   3.96899875000000        4.57930625000000      -0.107951457929996     
   3.96899875000000        4.88446000000000      -0.102856698846582     
   3.96899875000000        5.18961375000000      -9.799382193240555E-002
   3.96899875000000        5.49476750000000      -9.333663564146367E-002
   3.96899875000000        5.79992125000000      -8.886891539380065E-002
   3.96899875000000        6.10507500000000      -8.462240325616524E-002
   3.96899875000000        6.41022875000000      -8.064539481324298E-002
   3.96899875000000        6.71538250000000      -7.704415493771161E-002
   3.96899875000000        7.02053625000000      -7.391777259293934E-002
   3.96899875000000        7.32569000000000      -7.122221114752483E-002
   4.27415250000000       2.000000000000000E-003 -0.154080062209651     
   4.27415250000000       0.307153750000000      -0.155948030885581     
   4.27415250000000       0.612307500000000      -0.157649464105226     
   4.27415250000000       0.917461250000000      -0.156329534176079     
   4.27415250000000        1.22261500000000      -0.153043251011056     
   4.27415250000000        1.52776875000000      -0.149182308601390     
   4.27415250000000        1.83292250000000      -0.145152647911984     
   4.27415250000000        2.13807625000000      -0.141000305739562     
   4.27415250000000        2.44323000000000      -0.136728152593033     
   4.27415250000000        2.74838375000000      -0.132323501923387     
   4.27415250000000        3.05353750000000      -0.127766475936776     
   4.27415250000000        3.35869125000000      -0.123049152036558     
   4.27415250000000        3.66384500000000      -0.118196829363577     
   4.27415250000000        3.96899875000000      -0.113274699947943     
   4.27415250000000        4.27415250000000      -0.108371856926532     
   4.27415250000000        4.57930625000000      -0.103570501373351     
   4.27415250000000        4.88446000000000      -9.891589949912233E-002
   4.27415250000000        5.18961375000000      -9.440918506951092E-002
   4.27415250000000        5.49476750000000      -9.003065965591243E-002
   4.27415250000000        5.79992125000000      -8.577771799250355E-002
   4.27415250000000        6.10507500000000      -8.168730155693683E-002
   4.27415250000000        6.41022875000000      -7.781163421201505E-002
   4.27415250000000        6.71538250000000      -7.424222827260570E-002
   4.27415250000000        7.02053625000000      -7.109222882175062E-002
   4.27415250000000        7.32569000000000      -6.852655578854837E-002
   4.57930625000000       2.000000000000000E-003 -0.137634388225538     
   4.57930625000000       0.307153750000000      -0.138447188949928     
   4.57930625000000       0.612307500000000      -0.139579431872405     
   4.57930625000000       0.917461250000000      -0.139466976022127     
   4.57930625000000        1.22261500000000      -0.138038740360481     
   4.57930625000000        1.52776875000000      -0.135908625718613     
   4.57930625000000        1.83292250000000      -0.133408263228639     
   4.57930625000000        2.13807625000000      -0.130619997006591     
   4.57930625000000        2.44323000000000      -0.127543433844667     
   4.57930625000000        2.74838375000000      -0.124161533214718     
   4.57930625000000        3.05353750000000      -0.120469784367673     
   4.57930625000000        3.35869125000000      -0.116492917475898     
   4.57930625000000        3.66384500000000      -0.112291027399999     
   4.57930625000000        3.96899875000000      -0.107951954586097     
   4.57930625000000        4.27415250000000      -0.103570870475406     
   4.57930625000000        4.57930625000000      -9.922422287026475E-002
   4.57930625000000        4.88446000000000      -9.494968042085895E-002
   4.57930625000000        5.18961375000000      -9.074792156674591E-002
   4.57930625000000        5.49476750000000      -8.660960837915242E-002
   4.57930625000000        5.79992125000000      -8.254895080907046E-002
   4.57930625000000        6.10507500000000      -7.861761856473914E-002
   4.57930625000000        6.41022875000000      -7.487806115678404E-002
   4.57930625000000        6.71538250000000      -7.140422785290111E-002
   4.57930625000000        7.02053625000000      -6.833765850622173E-002
   4.57930625000000        7.32569000000000      -6.575997728678686E-002
   4.88446000000000       2.000000000000000E-003 -0.124398537357181     
   4.88446000000000       0.307153750000000      -0.124824429680223     
   4.88446000000000       0.612307500000000      -0.125578797618243     
   4.88446000000000       0.917461250000000      -0.125824909884332     
   4.88446000000000        1.22261500000000      -0.125414572447808     
   4.88446000000000        1.52776875000000      -0.124497058566863     
   4.88446000000000        1.83292250000000      -0.123173588218499     
   4.88446000000000        2.13807625000000      -0.121455919363059     
   4.88446000000000        2.44323000000000      -0.119317263699403     
   4.88446000000000        2.74838375000000      -0.116739110999325     
   4.88446000000000        3.05353750000000      -0.113736358628630     
   4.88446000000000        3.35869125000000      -0.110363112844969     
   4.88446000000000        3.66384500000000      -0.106704101937832     
   4.88446000000000        3.96899875000000      -0.102857824431994     
   4.88446000000000        4.27415250000000      -9.891685150809935E-002
   4.88446000000000        4.57930625000000      -9.495025232736305E-002
   4.88446000000000        4.88446000000000      -9.099333747990324E-002
   4.88446000000000        5.18961375000000      -8.705420014645085E-002
   4.88446000000000        5.49476750000000      -8.313811427230174E-002
   4.88446000000000        5.79992125000000      -7.927433196235087E-002
   4.88446000000000        6.10507500000000      -7.552492769079246E-002
   4.88446000000000        6.41022875000000      -7.196850386235781E-002
   4.88446000000000        6.71538250000000      -6.867592552864325E-002
   4.88446000000000        7.02053625000000      -6.571415312951621E-002
   4.88446000000000        7.32569000000000      -6.315055634525807E-002
   5.18961375000000       2.000000000000000E-003 -0.113263150814826     
   5.18961375000000       0.307153750000000      -0.113543914367572     
   5.18961375000000       0.612307500000000      -0.114164796167417     
   5.18961375000000       0.917461250000000      -0.114724319261512     
   5.18961375000000        1.22261500000000      -0.114982817843274     
   5.18961375000000        1.52776875000000      -0.114869106831602     
   5.18961375000000        1.83292250000000      -0.114353972625572     
   5.18961375000000        2.13807625000000      -0.113392069025359     
   5.18961375000000        2.44323000000000      -0.111936008094309     
   5.18961375000000        2.74838375000000      -0.109967555388099     
   5.18961375000000        3.05353750000000      -0.107513113178526     
   5.18961375000000        3.35869125000000      -0.104638873550427     
   5.18961375000000        3.66384500000000      -0.101434447223768     
   5.18961375000000        3.96899875000000      -9.799571789475377E-002
   5.18961375000000        4.27415250000000      -9.441085970795712E-002
   5.18961375000000        4.57930625000000      -9.074920752269580E-002
   5.18961375000000        4.88446000000000      -8.705491978172671E-002
   5.18961375000000        5.18961375000000      -8.335131678844511E-002
   5.18961375000000        5.49476750000000      -7.965775248411332E-002
   5.18961375000000        5.79992125000000      -7.600818148568890E-002
   5.18961375000000        6.10507500000000      -7.245840293073404E-002
   5.18961375000000        6.41022875000000      -6.907825814240912E-002
   5.18961375000000        6.71538250000000      -6.593952049825455E-002
   5.18961375000000        7.02053625000000      -6.310945946560957E-002
   5.18961375000000        7.32569000000000      -6.063543744607840E-002
   5.49476750000000       2.000000000000000E-003 -0.103043536214816     
   5.49476750000000       0.307153750000000      -0.103415540736732     
   5.49476750000000       0.612307500000000      -0.104386328446636     
   5.49476750000000       0.917461250000000      -0.105496048075415     
   5.49476750000000        1.22261500000000      -0.106326175568742     
   5.49476750000000        1.52776875000000      -0.106747749570989     
   5.49476750000000        1.83292250000000      -0.106737478409111     
   5.49476750000000        2.13807625000000      -0.106256432291205     
   5.49476750000000        2.44323000000000      -0.105262761628826     
   5.49476750000000        2.74838375000000      -0.103743739954493     
   5.49476750000000        3.05353750000000      -0.101727159852990     
   5.49476750000000        3.35869125000000      -9.927087522323529E-002
   5.49476750000000        3.66384500000000      -9.644772836090240E-002
   5.49476750000000        3.96899875000000      -9.333935842144207E-002
   5.49476750000000        4.27415250000000      -9.003311243717745E-002
   5.49476750000000        4.57930625000000      -8.661166650306655E-002
   5.49476750000000        4.88446000000000      -8.313962023976731E-002
   5.49476750000000        5.18961375000000      -7.965855238466620E-002
   5.49476750000000        5.49476750000000      -7.619409315453465E-002
   5.49476750000000        5.79992125000000      -7.276921462432794E-002
   5.49476750000000        6.10507500000000      -6.941411774763649E-002
   5.49476750000000        6.41022875000000      -6.616948939673629E-002
   5.49476750000000        6.71538250000000      -6.310022520574253E-002
   5.49476750000000        7.02053625000000      -6.031777878679044E-002
   5.49476750000000        7.32569000000000      -5.793368677495550E-002
   5.79992125000000       2.000000000000000E-003 -9.438665297317350E-002
   5.79992125000000       0.307153750000000      -9.493819381894929E-002
   5.79992125000000       0.612307500000000      -9.626521821509235E-002
   5.79992125000000       0.917461250000000      -9.776028352752709E-002
   5.79992125000000        1.22261500000000      -9.900259852355413E-002
   5.79992125000000        1.52776875000000      -9.979412500891463E-002
   5.79992125000000        1.83292250000000      -0.100069465179453     
   5.79992125000000        2.13807625000000      -9.986171059325585E-002
   5.79992125000000        2.44323000000000      -9.916028126226996E-002
   5.79992125000000        2.74838375000000      -9.796593263152424E-002
   5.79992125000000        3.05353750000000      -9.630405081638724E-002
   5.79992125000000        3.35869125000000      -9.420901596965250E-002
   5.79992125000000        3.66384500000000      -9.171375537103367E-002
   5.79992125000000        3.96899875000000      -8.887245643123744E-002
   5.79992125000000        4.27415250000000      -8.578093573191213E-002
   5.79992125000000        4.57930625000000      -8.255175493650371E-002
   5.79992125000000        4.88446000000000      -7.927659103369283E-002
   5.79992125000000        5.18961375000000      -7.600975228553915E-002
   5.79992125000000        5.49476750000000      -7.276999597839760E-002
   5.79992125000000        5.79992125000000      -6.955383110110000E-002
   5.79992125000000        6.10507500000000      -6.635154195555609E-002
   5.79992125000000        6.41022875000000      -6.318576231735609E-002
   5.79992125000000        6.71538250000000      -6.011784916778622E-002
   5.79992125000000        7.02053625000000      -5.729419604614624E-002
   5.79992125000000        7.32569000000000      -5.495962754834671E-002
   6.10507500000000       2.000000000000000E-003 -8.687400985241331E-002
   6.10507500000000       0.307153750000000      -8.776517002169393E-002
   6.10507500000000       0.612307500000000      -8.967113170830859E-002
   6.10507500000000       0.917461250000000      -9.146850504156553E-002
   6.10507500000000        1.22261500000000      -9.282059257777335E-002
   6.10507500000000        1.52776875000000      -9.371080487185246E-002
   6.10507500000000        1.83292250000000      -9.411595403884490E-002
   6.10507500000000        2.13807625000000      -9.404232864669790E-002
   6.10507500000000        2.44323000000000      -9.351266068593847E-002
   6.10507500000000        2.74838375000000      -9.254861549201747E-002
   6.10507500000000        3.05353750000000      -9.118609138265636E-002
   6.10507500000000        3.35869125000000      -8.943741742511611E-002
   6.10507500000000        3.66384500000000      -8.725252942669912E-002
   6.10507500000000        3.96899875000000      -8.462675268480295E-002
   6.10507500000000        4.27415250000000      -8.169127243868328E-002
   6.10507500000000        4.57930625000000      -7.862109889561791E-002
   6.10507500000000        4.88446000000000      -7.552782215921197E-002
   6.10507500000000        5.18961375000000      -7.246060417393420E-002
   6.10507500000000        5.49476750000000      -6.941552869370811E-002
   6.10507500000000        5.79992125000000      -6.635215929887089E-002
   6.10507500000000        6.10507500000000      -6.325317403312646E-002
   6.10507500000000        6.41022875000000      -6.009509776423963E-002
   6.10507500000000        6.71538250000000      -5.685538565978140E-002
   6.10507500000000        7.02053625000000      -5.371544987055363E-002
   6.10507500000000        7.32569000000000      -5.128616912029935E-002
   6.41022875000000       2.000000000000000E-003 -7.954699241549694E-002
   6.41022875000000       0.307153750000000      -8.121409716588009E-002
   6.41022875000000       0.612307500000000      -8.397144825374081E-002
   6.41022875000000       0.917461250000000      -8.598604466825664E-002
   6.41022875000000        1.22261500000000      -8.735901477233499E-002
   6.41022875000000        1.52776875000000      -8.825561816437213E-002
   6.41022875000000        1.83292250000000      -8.869321801163539E-002
   6.41022875000000        2.13807625000000      -8.867954950635980E-002
   6.41022875000000        2.44323000000000      -8.824019072778343E-002
   6.41022875000000        2.74838375000000      -8.741761919496238E-002
   6.41022875000000        3.05353750000000      -8.629378672095679E-002
   6.41022875000000        3.35869125000000      -8.490170252268928E-002
   6.41022875000000        3.66384500000000      -8.307383341573336E-002
   6.41022875000000        3.96899875000000      -8.065052586127697E-002
   6.41022875000000        4.27415250000000      -7.781643654580435E-002
   6.41022875000000        4.57930625000000      -7.488217701300663E-002
   6.41022875000000        4.88446000000000      -7.197186949378728E-002
   6.41022875000000        5.18961375000000      -6.908087212270286E-002
   6.41022875000000        5.49476750000000      -6.617127182067518E-002
   6.41022875000000        5.79992125000000      -6.318675845020448E-002
   6.41022875000000        6.10507500000000      -6.009550107698009E-002
   6.41022875000000        6.41022875000000      -5.678461462403181E-002
   6.41022875000000        6.71538250000000      -5.309568184451747E-002
   6.41022875000000        7.02053625000000      -4.911826678572288E-002
   6.41022875000000        7.32569000000000      -4.622825178783875E-002
   6.71538250000000       2.000000000000000E-003 -7.148776223369484E-002
   6.71538250000000       0.307153750000000      -7.458445388904564E-002
   6.71538250000000       0.612307500000000      -7.790754700273192E-002
   6.71538250000000       0.917461250000000      -8.020117716764975E-002
   6.71538250000000        1.22261500000000      -8.198616180286276E-002
   6.71538250000000        1.52776875000000      -8.313894708252598E-002
   6.71538250000000        1.83292250000000      -8.368027971513507E-002
   6.71538250000000        2.13807625000000      -8.371868420481511E-002
   6.71538250000000        2.44323000000000      -8.331403785519524E-002
   6.71538250000000        2.74838375000000      -8.251957525952268E-002
   6.71538250000000        3.05353750000000      -8.156595124924573E-002
   6.71538250000000        3.35869125000000      -8.061910731001166E-002
   6.71538250000000        3.66384500000000      -7.931146575845621E-002
   6.71538250000000        3.96899875000000      -7.705014758974804E-002
   6.71538250000000        4.27415250000000      -7.424778433960380E-002
   6.71538250000000        4.57930625000000      -7.140887429345057E-002
   6.71538250000000        4.88446000000000      -6.867956552245649E-002
   6.71538250000000        5.18961375000000      -6.594230719517034E-002
   6.71538250000000        5.49476750000000      -6.310211028113541E-002
   6.71538250000000        5.79992125000000      -6.011902297381436E-002
   6.71538250000000        6.10507500000000      -5.685592877210038E-002
   6.71538250000000        6.41022875000000      -5.309557804477387E-002
   6.71538250000000        6.71538250000000      -4.865990174897952E-002
   6.71538250000000        7.02053625000000      -4.346070607517004E-002
   6.71538250000000        7.32569000000000      -3.954572025347415E-002
   7.02053625000000       2.000000000000000E-003 -6.446963484772422E-002
   7.02053625000000       0.307153750000000      -6.755810505209796E-002
   7.02053625000000       0.612307500000000      -6.925684426453399E-002
   7.02053625000000       0.917461250000000      -7.324883274107588E-002
   7.02053625000000        1.22261500000000      -7.647346312576013E-002
   7.02053625000000        1.52776875000000      -7.827663837535018E-002
   7.02053625000000        1.83292250000000      -7.905556878765829E-002
   7.02053625000000        2.13807625000000      -7.917945143701839E-002
   7.02053625000000        2.44323000000000      -7.879445264691382E-002
   7.02053625000000        2.74838375000000      -7.802732715278662E-002
   7.02053625000000        3.05353750000000      -7.721721895280988E-002
   7.02053625000000        3.35869125000000      -7.682347041743587E-002
   7.02053625000000        3.66384500000000      -7.631558923426815E-002
   7.02053625000000        3.96899875000000      -7.392432398523306E-002
   7.02053625000000        4.27415250000000      -7.109803405859236E-002
   7.02053625000000        4.57930625000000      -6.834234066633942E-002
   7.02053625000000        4.88446000000000      -6.571780441219109E-002
   7.02053625000000        5.18961375000000      -6.311221981690378E-002
   7.02053625000000        5.49476750000000      -6.031963686431749E-002
   7.02053625000000        5.79992125000000      -5.729542240491402E-002
   7.02053625000000        6.10507500000000      -5.371589837899352E-002
   7.02053625000000        6.41022875000000      -4.911731817154757E-002
   7.02053625000000        6.71538250000000      -4.345835941229359E-002
   7.02053625000000        7.02053625000000      -3.833909821940850E-002
   7.02053625000000        7.32569000000000      -3.450023300649176E-002
   7.32569000000000       2.000000000000000E-003 -6.155275121445200E-002
   7.32569000000000       0.307153750000000      -5.986104302890047E-002
   7.32569000000000       0.612307500000000      -6.154163720599119E-002
   7.32569000000000       0.917461250000000      -6.751004686842378E-002
   7.32569000000000        1.22261500000000      -7.173350641726199E-002
   7.32569000000000        1.52776875000000      -7.395183933914928E-002
   7.32569000000000        1.83292250000000      -7.490626561879768E-002
   7.32569000000000        2.13807625000000      -7.512668547560082E-002
   7.32569000000000        2.44323000000000      -7.483778808996586E-002
   7.32569000000000        2.74838375000000      -7.425532530954831E-002
   7.32569000000000        3.05353750000000      -7.373779795319609E-002
   7.32569000000000        3.35869125000000      -7.376542977799008E-002
   7.32569000000000        3.66384500000000      -7.390331437924734E-002
   7.32569000000000        3.96899875000000      -7.122844349851529E-002
   7.32569000000000        4.27415250000000      -6.853179048615878E-002
   7.32569000000000        4.57930625000000      -6.576414726765004E-002
   7.32569000000000        4.88446000000000      -6.315396316315083E-002
   7.32569000000000        5.18961375000000      -6.063808069692348E-002
   7.32569000000000        5.49476750000000      -5.793551537047835E-002
   7.32569000000000        5.79992125000000      -5.496091255888505E-002
   7.32569000000000        6.10507500000000      -5.128658661986333E-002
   7.32569000000000        6.41022875000000      -4.622668765772146E-002
   7.32569000000000        6.71538250000000      -3.954104807999871E-002
   7.32569000000000        7.02053625000000      -3.449512369790071E-002
   7.32569000000000        7.32569000000000      -3.281087397610535E-002
