  2.000000000000000E-003  2.000000000000000E-003 -0.485477975077610     
  2.000000000000000E-003  0.307153750000000      -0.461447212313350     
  2.000000000000000E-003  0.612307500000000      -0.409342186813459     
  2.000000000000000E-003  0.917461250000000      -0.355330335322656     
  2.000000000000000E-003   1.22261500000000      -0.314076427822216     
  2.000000000000000E-003   1.52776875000000      -0.282570763604696     
  2.000000000000000E-003   1.83292250000000      -0.256693364952381     
  2.000000000000000E-003   2.13807625000000      -0.234074945845213     
  2.000000000000000E-003   2.44323000000000      -0.213725590065784     
  2.000000000000000E-003   2.74838375000000      -0.195218043725685     
  2.000000000000000E-003   3.05353750000000      -0.179858979006055     
  2.000000000000000E-003   3.35869125000000      -0.170460296718943     
  2.000000000000000E-003   3.66384500000000      -0.163250413466673     
  2.000000000000000E-003   3.96899875000000      -0.150623209864079     
  2.000000000000000E-003   4.27415250000000      -0.137969905536897     
  2.000000000000000E-003   4.57930625000000      -0.124541103009706     
  2.000000000000000E-003   4.88446000000000      -0.112633616387365     
  2.000000000000000E-003   5.18961375000000      -0.102898955533331     
  2.000000000000000E-003   5.49476750000000      -9.481244267888322E-002
  2.000000000000000E-003   5.79992125000000      -8.892258473751465E-002
  2.000000000000000E-003   6.10507500000000      -8.509419177966034E-002
  2.000000000000000E-003   6.41022875000000      -8.282227353484031E-002
  2.000000000000000E-003   6.71538250000000      -8.111219274871793E-002
  2.000000000000000E-003   7.02053625000000      -7.841238660367955E-002
  2.000000000000000E-003   7.32569000000000      -7.532212916090897E-002
  0.307153750000000       2.000000000000000E-003 -0.534891039408597     
  0.307153750000000       0.307153750000000      -0.477333070322227     
  0.307153750000000       0.612307500000000      -0.426222113101918     
  0.307153750000000       0.917461250000000      -0.380908845681857     
  0.307153750000000        1.22261500000000      -0.340584447787737     
  0.307153750000000        1.52776875000000      -0.306292695314463     
  0.307153750000000        1.83292250000000      -0.276697003381073     
  0.307153750000000        2.13807625000000      -0.250563687362925     
  0.307153750000000        2.44323000000000      -0.227435659065476     
  0.307153750000000        2.74838375000000      -0.206517264828419     
  0.307153750000000        3.05353750000000      -0.188742239201904     
  0.307153750000000        3.35869125000000      -0.176433183691597     
  0.307153750000000        3.66384500000000      -0.167722775968966     
  0.307153750000000        3.96899875000000      -0.155442168555112     
  0.307153750000000        4.27415250000000      -0.141521653245552     
  0.307153750000000        4.57930625000000      -0.127734904141550     
  0.307153750000000        4.88446000000000      -0.115605374071101     
  0.307153750000000        5.18961375000000      -0.105558097302818     
  0.307153750000000        5.49476750000000      -9.716057747349416E-002
  0.307153750000000        5.79992125000000      -9.089031778831579E-002
  0.307153750000000        6.10507500000000      -8.661178965739895E-002
  0.307153750000000        6.41022875000000      -8.384255687813413E-002
  0.307153750000000        6.71538250000000      -8.159002368508260E-002
  0.307153750000000        7.02053625000000      -7.855627969660825E-002
  0.307153750000000        7.32569000000000      -7.429385650234317E-002
  0.612307500000000       2.000000000000000E-003 -0.551240379726419     
  0.612307500000000       0.307153750000000      -0.512956873150955     
  0.612307500000000       0.612307500000000      -0.456689229001221     
  0.612307500000000       0.917461250000000      -0.408981917263796     
  0.612307500000000        1.22261500000000      -0.366343570663871     
  0.612307500000000        1.52776875000000      -0.328377572579586     
  0.612307500000000        1.83292250000000      -0.294816554707656     
  0.612307500000000        2.13807625000000      -0.265581282835269     
  0.612307500000000        2.44323000000000      -0.240254324622287     
  0.612307500000000        2.74838375000000      -0.217770965740179     
  0.612307500000000        3.05353750000000      -0.198462611820007     
  0.612307500000000        3.35869125000000      -0.183205903247295     
  0.612307500000000        3.66384500000000      -0.170785337081806     
  0.612307500000000        3.96899875000000      -0.157739135962628     
  0.612307500000000        4.27415250000000      -0.143610508436540     
  0.612307500000000        4.57930625000000      -0.129994559393789     
  0.612307500000000        4.88446000000000      -0.118064359550793     
  0.612307500000000        5.18961375000000      -0.108022732326971     
  0.612307500000000        5.49476750000000      -9.959479012381423E-002
  0.612307500000000        5.79992125000000      -9.301236311994594E-002
  0.612307500000000        6.10507500000000      -8.825891095572272E-002
  0.612307500000000        6.41022875000000      -8.481374478570823E-002
  0.612307500000000        6.71538250000000      -8.165154592231390E-002
  0.612307500000000        7.02053625000000      -7.729849396267131E-002
  0.612307500000000        7.32569000000000      -7.266141646658897E-002
  0.917461250000000       2.000000000000000E-003 -0.563929122245338     
  0.917461250000000       0.307153750000000      -0.539885587294001     
  0.917461250000000       0.612307500000000      -0.489650353912106     
  0.917461250000000       0.917461250000000      -0.437580343697769     
  0.917461250000000        1.22261500000000      -0.389859289180756     
  0.917461250000000        1.52776875000000      -0.347174394321297     
  0.917461250000000        1.83292250000000      -0.309655995108879     
  0.917461250000000        2.13807625000000      -0.277973917752703     
  0.917461250000000        2.44323000000000      -0.250722977941589     
  0.917461250000000        2.74838375000000      -0.226861383207415     
  0.917461250000000        3.05353750000000      -0.206201833421464     
  0.917461250000000        3.35869125000000      -0.188657246748678     
  0.917461250000000        3.66384500000000      -0.173371810359412     
  0.917461250000000        3.96899875000000      -0.158892489006020     
  0.917461250000000        4.27415250000000      -0.144762164735478     
  0.917461250000000        4.57930625000000      -0.131626185921817     
  0.917461250000000        4.88446000000000      -0.120086970631321     
  0.917461250000000        5.18961375000000      -0.110220136274834     
  0.917461250000000        5.49476750000000      -0.101898432475898     
  0.917461250000000        5.79992125000000      -9.505912425209365E-002
  0.917461250000000        6.10507500000000      -8.973798427634995E-002
  0.917461250000000        6.41022875000000      -8.545635568707562E-002
  0.917461250000000        6.71538250000000      -8.142008996453656E-002
  0.917461250000000        7.02053625000000      -7.688351341729427E-002
  0.917461250000000        7.32569000000000      -7.248333155210207E-002
   1.22261500000000       2.000000000000000E-003 -0.567284456436865     
   1.22261500000000       0.307153750000000      -0.550365198787787     
   1.22261500000000       0.612307500000000      -0.508306715710907     
   1.22261500000000       0.917461250000000      -0.457420824125479     
   1.22261500000000        1.22261500000000      -0.406940571582413     
   1.22261500000000        1.52776875000000      -0.360629278412011     
   1.22261500000000        1.83292250000000      -0.320554312933872     
   1.22261500000000        2.13807625000000      -0.286936999130948     
   1.22261500000000        2.44323000000000      -0.257940421095520     
   1.22261500000000        2.74838375000000      -0.232712363472087     
   1.22261500000000        3.05353750000000      -0.210833475079787     
   1.22261500000000        3.35869125000000      -0.191880327343911     
   1.22261500000000        3.66384500000000      -0.175100169571552     
   1.22261500000000        3.96899875000000      -0.159782107947813     
   1.22261500000000        4.27415250000000      -0.145692703618221     
   1.22261500000000        4.57930625000000      -0.132991315704781     
   1.22261500000000        4.88446000000000      -0.121802249914343     
   1.22261500000000        5.18961375000000      -0.112133347553881     
   1.22261500000000        5.49476750000000      -0.103882874856179     
   1.22261500000000        5.79992125000000      -9.686455732551974E-002
   1.22261500000000        6.10507500000000      -9.098213888668805E-002
   1.22261500000000        6.41022875000000      -8.593237960349200E-002
   1.22261500000000        6.71538250000000      -8.124850628832674E-002
   1.22261500000000        7.02053625000000      -7.662413237127515E-002
   1.22261500000000        7.32569000000000      -7.230726198503934E-002
   1.52776875000000       2.000000000000000E-003 -0.561641468733701     
   1.52776875000000       0.307153750000000      -0.548186664983992     
   1.52776875000000       0.612307500000000      -0.512761886809762     
   1.52776875000000       0.917461250000000      -0.465275520510608     
   1.52776875000000        1.22261500000000      -0.414921138989513     
   1.52776875000000        1.52776875000000      -0.367782845593680     
   1.52776875000000        1.83292250000000      -0.327094098908167     
   1.52776875000000        2.13807625000000      -0.291868630847591     
   1.52776875000000        2.44323000000000      -0.261438789179497     
   1.52776875000000        2.74838375000000      -0.235244694399374     
   1.52776875000000        3.05353750000000      -0.212686397485400     
   1.52776875000000        3.35869125000000      -0.193100476483916     
   1.52776875000000        3.66384500000000      -0.175826178992317     
   1.52776875000000        3.96899875000000      -0.160361296471042     
   1.52776875000000        4.27415250000000      -0.146470736512483     
   1.52776875000000        4.57930625000000      -0.134100360932102     
   1.52776875000000        4.88446000000000      -0.123219830599995     
   1.52776875000000        5.18961375000000      -0.113742004567398     
   1.52776875000000        5.49476750000000      -0.105517106692903     
   1.52776875000000        5.79992125000000      -9.835424491469760E-002
   1.52776875000000        6.10507500000000      -9.203889710367456E-002
   1.52776875000000        6.41022875000000      -8.640108506083297E-002
   1.52776875000000        6.71538250000000      -8.124138917824865E-002
   1.52776875000000        7.02053625000000      -7.645341246110654E-002
   1.52776875000000        7.32569000000000      -7.211968415514143E-002
   1.83292250000000       2.000000000000000E-003 -0.548578390614550     
   1.83292250000000       0.307153750000000      -0.537139317702588     
   1.83292250000000       0.612307500000000      -0.505382404528606     
   1.83292250000000       0.917461250000000      -0.461513664002261     
   1.83292250000000        1.22261500000000      -0.414644600579101     
   1.83292250000000        1.52776875000000      -0.369659298314468     
   1.83292250000000        1.83292250000000      -0.328544693439170     
   1.83292250000000        2.13807625000000      -0.292237286245225     
   1.83292250000000        2.44323000000000      -0.261002748677354     
   1.83292250000000        2.74838375000000      -0.234516436371589     
   1.83292250000000        3.05353750000000      -0.212024908273436     
   1.83292250000000        3.35869125000000      -0.192629337249991     
   1.83292250000000        3.66384500000000      -0.175565062410179     
   1.83292250000000        3.96899875000000      -0.160355412127204     
   1.83292250000000        4.27415250000000      -0.146791540736998     
   1.83292250000000        4.57930625000000      -0.134788936383606     
   1.83292250000000        4.88446000000000      -0.124244372725214     
   1.83292250000000        5.18961375000000      -0.114984429447662     
   1.83292250000000        5.49476750000000      -0.106798376792154     
   1.83292250000000        5.79992125000000      -9.949083955252187E-002
   1.83292250000000        6.10507500000000      -9.290435735884615E-002
   1.83292250000000        6.41022875000000      -8.691101000575882E-002
   1.83292250000000        6.71538250000000      -8.142915675072729E-002
   1.83292250000000        7.02053625000000      -7.647457961505584E-002
   1.83292250000000        7.32569000000000      -7.210275682914691E-002
   2.13807625000000       2.000000000000000E-003 -0.532311356546825     
   2.13807625000000       0.307153750000000      -0.521592789810643     
   2.13807625000000       0.612307500000000      -0.492845925902180     
   2.13807625000000       0.917461250000000      -0.453202476363652     
   2.13807625000000        1.22261500000000      -0.409170060701856     
   2.13807625000000        1.52776875000000      -0.365200242751929     
   2.13807625000000        1.83292250000000      -0.324150493317544     
   2.13807625000000        2.13807625000000      -0.287753312642601     
   2.13807625000000        2.44323000000000      -0.256716657878644     
   2.13807625000000        2.74838375000000      -0.230794730480378     
   2.13807625000000        3.05353750000000      -0.209080729449692     
   2.13807625000000        3.35869125000000      -0.190473550568312     
   2.13807625000000        3.66384500000000      -0.174093664654246     
   2.13807625000000        3.96899875000000      -0.159461033671238     
   2.13807625000000        4.27415250000000      -0.146412037423662     
   2.13807625000000        4.57930625000000      -0.134885485456769     
   2.13807625000000        4.88446000000000      -0.124749956882251     
   2.13807625000000        5.18961375000000      -0.115769801978899     
   2.13807625000000        5.49476750000000      -0.107684346835898     
   2.13807625000000        5.79992125000000      -0.100300206636214     
   2.13807625000000        6.10507500000000      -9.352142345997734E-002
   2.13807625000000        6.41022875000000      -8.731864990686330E-002
   2.13807625000000        6.71538250000000      -8.169230768223275E-002
   2.13807625000000        7.02053625000000      -7.666788757501337E-002
   2.13807625000000        7.32569000000000      -7.228461339983312E-002
   2.44323000000000       2.000000000000000E-003 -0.529674294619236     
   2.44323000000000       0.307153750000000      -0.516830802197997     
   2.44323000000000       0.612307500000000      -0.483578713195944     
   2.44323000000000       0.917461250000000      -0.441423374211406     
   2.44323000000000        1.22261500000000      -0.397062984132587     
   2.44323000000000        1.52776875000000      -0.353807930254053     
   2.44323000000000        1.83292250000000      -0.313848993446442     
   2.44323000000000        2.13807625000000      -0.278719379579222     
   2.44323000000000        2.44323000000000      -0.249077029187287     
   2.44323000000000        2.74838375000000      -0.224600133151572     
   2.44323000000000        3.05353750000000      -0.204260602617175     
   2.44323000000000        3.35869125000000      -0.186849535123471     
   2.44323000000000        3.66384500000000      -0.171448190615608     
   2.44323000000000        3.96899875000000      -0.157609482513997     
   2.44323000000000        4.27415250000000      -0.145230891078609     
   2.44323000000000        4.57930625000000      -0.134288524938402     
   2.44323000000000        4.88446000000000      -0.124641070885612     
   2.44323000000000        5.18961375000000      -0.116012286494618     
   2.44323000000000        5.49476750000000      -0.108110298795726     
   2.44323000000000        5.79992125000000      -0.100751004738980     
   2.44323000000000        6.10507500000000      -9.388825748421706E-002
   2.44323000000000        6.41022875000000      -8.755423038528830E-002
   2.44323000000000        6.71538250000000      -8.179223557334908E-002
   2.44323000000000        7.02053625000000      -7.667177871231626E-002
   2.44323000000000        7.32569000000000      -7.232108423518122E-002
   2.74838375000000       2.000000000000000E-003 -0.527763801092374     
   2.74838375000000       0.307153750000000      -0.512751255975824     
   2.74838375000000       0.612307500000000      -0.474279845196481     
   2.74838375000000       0.917461250000000      -0.425581672167745     
   2.74838375000000        1.22261500000000      -0.378638893399104     
   2.74838375000000        1.52776875000000      -0.336395851332352     
   2.74838375000000        1.83292250000000      -0.298726633489898     
   2.74838375000000        2.13807625000000      -0.266167227255725     
   2.74838375000000        2.44323000000000      -0.238959102649101     
   2.74838375000000        2.74838375000000      -0.216611467866713     
   2.74838375000000        3.05353750000000      -0.198041330819055     
   2.74838375000000        3.35869125000000      -0.182051823113934     
   2.74838375000000        3.66384500000000      -0.167781747240213     
   2.74838375000000        3.96899875000000      -0.154862687915069     
   2.74838375000000        4.27415250000000      -0.143259955740200     
   2.74838375000000        4.57930625000000      -0.132981311583362     
   2.74838375000000        4.88446000000000      -0.123879247577330     
   2.74838375000000        5.18961375000000      -0.115656299639218     
   2.74838375000000        5.49476750000000      -0.108012864065315     
   2.74838375000000        5.79992125000000      -0.100784408101129     
   2.74838375000000        6.10507500000000      -9.396057304278885E-002
   2.74838375000000        6.41022875000000      -8.758674737148772E-002
   2.74838375000000        6.71538250000000      -8.171681013428517E-002
   2.74838375000000        7.02053625000000      -7.660210329306245E-002
   2.74838375000000        7.32569000000000      -7.245087487133220E-002
   3.05353750000000       2.000000000000000E-003 -0.514378090594426     
   3.05353750000000       0.307153750000000      -0.496796284378361     
   3.05353750000000       0.612307500000000      -0.454141136867786     
   3.05353750000000       0.917461250000000      -0.403563492208106     
   3.05353750000000        1.22261500000000      -0.355568798335020     
   3.05353750000000        1.52776875000000      -0.315106015187445     
   3.05353750000000        1.83292250000000      -0.280689134523282     
   3.05353750000000        2.13807625000000      -0.251544360268785     
   3.05353750000000        2.44323000000000      -0.227363212807007     
   3.05353750000000        2.74838375000000      -0.207480334850646     
   3.05353750000000        3.05353750000000      -0.190835872491054     
   3.05353750000000        3.35869125000000      -0.176344035939372     
   3.05353750000000        3.66384500000000      -0.163269142091481     
   3.05353750000000        3.96899875000000      -0.151341273157064     
   3.05353750000000        4.27415250000000      -0.140581228211707     
   3.05353750000000        4.57930625000000      -0.131011406221381     
   3.05353750000000        4.88446000000000      -0.122478130700712     
   3.05353750000000        5.18961375000000      -0.114683513368264     
   3.05353750000000        5.49476750000000      -0.107346852196330     
   3.05353750000000        5.79992125000000      -0.100337265040286     
   3.05353750000000        6.10507500000000      -9.367543002938267E-002
   3.05353750000000        6.41022875000000      -8.739144474431530E-002
   3.05353750000000        6.71538250000000      -8.158092877849250E-002
   3.05353750000000        7.02053625000000      -7.662250399879558E-002
   3.05353750000000        7.32569000000000      -7.283889571003997E-002
   3.35869125000000       2.000000000000000E-003 -0.482745105528334     
   3.35869125000000       0.307153750000000      -0.465362448405587     
   3.35869125000000       0.612307500000000      -0.423541870026772     
   3.35869125000000       0.917461250000000      -0.374714222438843     
   3.35869125000000        1.22261500000000      -0.329570641236661     
   3.35869125000000        1.52776875000000      -0.292167405766039     
   3.35869125000000        1.83292250000000      -0.261578744068343     
   3.35869125000000        2.13807625000000      -0.236128479171491     
   3.35869125000000        2.44323000000000      -0.215082657228860     
   3.35869125000000        2.74838375000000      -0.197673373432013     
   3.35869125000000        3.05353750000000      -0.182929077674076     
   3.35869125000000        3.35869125000000      -0.169925653878266     
   3.35869125000000        3.66384500000000      -0.158072063508037     
   3.35869125000000        3.96899875000000      -0.147182791314688     
   3.35869125000000        4.27415250000000      -0.137305227389550     
   3.35869125000000        4.57930625000000      -0.128457336954322     
   3.35869125000000        4.88446000000000      -0.120483824393078     
   3.35869125000000        5.18961375000000      -0.113109648632982     
   3.35869125000000        5.49476750000000      -0.106098030655351     
   3.35869125000000        5.79992125000000      -9.936476504877556E-002
   3.35869125000000        6.10507500000000      -9.296637938469524E-002
   3.35869125000000        6.41022875000000      -8.689686317807850E-002
   3.35869125000000        6.71538250000000      -8.133036117081892E-002
   3.35869125000000        7.02053625000000      -7.680051580280423E-002
   3.35869125000000        7.32569000000000      -7.343591788176677E-002
   3.66384500000000       2.000000000000000E-003 -0.433567444059815     
   3.66384500000000       0.307153750000000      -0.422247799732909     
   3.66384500000000       0.612307500000000      -0.386337387986307     
   3.66384500000000       0.917461250000000      -0.342331570069569     
   3.66384500000000        1.22261500000000      -0.301965561421002     
   3.66384500000000        1.52776875000000      -0.268913609717185     
   3.66384500000000        1.83292250000000      -0.242432956105455     
   3.66384500000000        2.13807625000000      -0.220607131498535     
   3.66384500000000        2.44323000000000      -0.202537128806168     
   3.66384500000000        2.74838375000000      -0.187456877877221     
   3.66384500000000        3.05353750000000      -0.174521758519074     
   3.66384500000000        3.35869125000000      -0.162975046202595     
   3.66384500000000        3.66384500000000      -0.152354723078887     
   3.66384500000000        3.96899875000000      -0.142530062349178     
   3.66384500000000        4.27415250000000      -0.133545831204976     
   3.66384500000000        4.57930625000000      -0.125403912312430     
   3.66384500000000        4.88446000000000      -0.117958552159062     
   3.66384500000000        5.18961375000000      -0.110980184686098     
   3.66384500000000        5.49476750000000      -0.104293531672141     
   3.66384500000000        5.79992125000000      -9.786359249586135E-002
   3.66384500000000        6.10507500000000      -9.176790429417628E-002
   3.66384500000000        6.41022875000000      -8.599108351701652E-002
   3.66384500000000        6.71538250000000      -8.078234425848302E-002
   3.66384500000000        7.02053625000000      -7.687755801247005E-002
   3.66384500000000        7.32569000000000      -7.409106203158793E-002
   3.96899875000000       2.000000000000000E-003 -0.388782439183069     
   3.96899875000000       0.307153750000000      -0.376368214867412     
   3.96899875000000       0.612307500000000      -0.344676903008572     
   3.96899875000000       0.917461250000000      -0.307254693859186     
   3.96899875000000        1.22261500000000      -0.273214019450292     
   3.96899875000000        1.52776875000000      -0.245574125183485     
   3.96899875000000        1.83292250000000      -0.223422044943540     
   3.96899875000000        2.13807625000000      -0.205126703687661     
   3.96899875000000        2.44323000000000      -0.189886009470987     
   3.96899875000000        2.74838375000000      -0.177023390640712     
   3.96899875000000        3.05353750000000      -0.165834840051054     
   3.96899875000000        3.35869125000000      -0.155717011088565     
   3.96899875000000        3.66384500000000      -0.146316375760609     
   3.96899875000000        3.96899875000000      -0.137538404440317     
   3.96899875000000        4.27415250000000      -0.129413642176203     
   3.96899875000000        4.57930625000000      -0.121931062314028     
   3.96899875000000        4.88446000000000      -0.114970508964330     
   3.96899875000000        5.18961375000000      -0.108364097812198     
   3.96899875000000        5.49476750000000      -0.102003391067635     
   3.96899875000000        5.79992125000000      -9.589280080517432E-002
   3.96899875000000        6.10507500000000      -9.010890571335683E-002
   3.96899875000000        6.41022875000000      -8.465276937685351E-002
   3.96899875000000        6.71538250000000      -7.971520211296607E-002
   3.96899875000000        7.02053625000000      -7.574555095750569E-002
   3.96899875000000        7.32569000000000      -7.263432993662403E-002
   4.27415250000000       2.000000000000000E-003 -0.329460015135982     
   4.27415250000000       0.307153750000000      -0.320036384641443     
   4.27415250000000       0.612307500000000      -0.296765870517219     
   4.27415250000000       0.917461250000000      -0.269106040509347     
   4.27415250000000        1.22261500000000      -0.243317985133403     
   4.27415250000000        1.52776875000000      -0.222033274639186     
   4.27415250000000        1.83292250000000      -0.204448751477608     
   4.27415250000000        2.13807625000000      -0.189723527485854     
   4.27415250000000        2.44323000000000      -0.177302536251264     
   4.27415250000000        2.74838375000000      -0.166639002438842     
   4.27415250000000        3.05353750000000      -0.157169199362913     
   4.27415250000000        3.35869125000000      -0.148434051570958     
   4.27415250000000        3.66384500000000      -0.140183937117660     
   4.27415250000000        3.96899875000000      -0.132365398287838     
   4.27415250000000        4.27415250000000      -0.125008528914367     
   4.27415250000000        4.57930625000000      -0.118108434106558     
   4.27415250000000        4.88446000000000      -0.111586806464450     
   4.27415250000000        5.18961375000000      -0.105342383986408     
   4.27415250000000        5.49476750000000      -9.932493822141282E-002
   4.27415250000000        5.79992125000000      -9.356192179225382E-002
   4.27415250000000        6.10507500000000      -8.811658691694117E-002
   4.27415250000000        6.41022875000000      -8.300709223452046E-002
   4.27415250000000        6.71538250000000      -7.834227443986685E-002
   4.27415250000000        7.02053625000000      -7.439078622953593E-002
   4.27415250000000        7.32569000000000      -7.122666026017412E-002
   4.57930625000000       2.000000000000000E-003 -0.267153856710966     
   4.57930625000000       0.307153750000000      -0.261800084644411     
   4.57930625000000       0.612307500000000      -0.248111654502578     
   4.57930625000000       0.917461250000000      -0.230812906364632     
   4.57930625000000        1.22261500000000      -0.213820936645825     
   4.57930625000000        1.52776875000000      -0.198792046844431     
   4.57930625000000        1.83292250000000      -0.185834821503557     
   4.57930625000000        2.13807625000000      -0.174734706655152     
   4.57930625000000        2.44323000000000      -0.165153818680291     
   4.57930625000000        2.74838375000000      -0.156666740635409     
   4.57930625000000        3.05353750000000      -0.148846558791169     
   4.57930625000000        3.35869125000000      -0.141381721088510     
   4.57930625000000        3.66384500000000      -0.134138373870881     
   4.57930625000000        3.96899875000000      -0.127125885735356     
   4.57930625000000        4.27415250000000      -0.120402188702271     
   4.57930625000000        4.57930625000000      -0.113992654079236     
   4.57930625000000        4.88446000000000      -0.107870881697845     
   4.57930625000000        5.18961375000000      -0.101995245820092     
   4.57930625000000        5.49476750000000      -9.635485484067677E-002
   4.57930625000000        5.79992125000000      -9.098062348717245E-002
   4.57930625000000        6.10507500000000      -8.591679163654976E-002
   4.57930625000000        6.41022875000000      -8.118271640139411E-002
   4.57930625000000        6.71538250000000      -7.681839739217573E-002
   4.57930625000000        7.02053625000000      -7.298520432087104E-002
   4.57930625000000        7.32569000000000      -6.971855471940036E-002
   4.88446000000000       2.000000000000000E-003 -0.215785152085963     
   4.88446000000000       0.307153750000000      -0.213240714514039     
   4.88446000000000       0.612307500000000      -0.206360260487955     
   4.88446000000000       0.917461250000000      -0.196866924275807     
   4.88446000000000        1.22261500000000      -0.186722532623258     
   4.88446000000000        1.52776875000000      -0.177111604314311     
   4.88446000000000        1.83292250000000      -0.168476698510096     
   4.88446000000000        2.13807625000000      -0.160822640989070     
   4.88446000000000        2.44323000000000      -0.153915423814927     
   4.88446000000000        2.74838375000000      -0.147426432267432     
   4.88446000000000        3.05353750000000      -0.141064598619718     
   4.88446000000000        3.35869125000000      -0.134671033996942     
   4.88446000000000        3.66384500000000      -0.128237992540384     
   4.88446000000000        3.96899875000000      -0.121855017705144     
   4.88446000000000        4.27415250000000      -0.115628959149280     
   4.88446000000000        4.57930625000000      -0.109629927922701     
   4.88446000000000        4.88446000000000      -0.103883349035606     
   4.88446000000000        5.18961375000000      -9.839331474730065E-002
   4.88446000000000        5.49476750000000      -9.316756929192763E-002
   4.88446000000000        5.79992125000000      -8.822221124140310E-002
   4.88446000000000        6.10507500000000      -8.357081924602454E-002
   4.88446000000000        6.41022875000000      -7.921905825073715E-002
   4.88446000000000        6.71538250000000      -7.518094052659625E-002
   4.88446000000000        7.02053625000000      -7.150518781561314E-002
   4.88446000000000        7.32569000000000      -6.823321396915553E-002
   5.18961375000000       2.000000000000000E-003 -0.177482811893338     
   5.18961375000000       0.307153750000000      -0.176426427639640     
   5.18961375000000       0.612307500000000      -0.173406529694676     
   5.18961375000000       0.917461250000000      -0.168921701985321     
   5.18961375000000        1.22261500000000      -0.163712400217771     
   5.18961375000000        1.52776875000000      -0.158423860994211     
   5.18961375000000        1.83292250000000      -0.153385899566873     
   5.18961375000000        2.13807625000000      -0.148606616593633     
   5.18961375000000        2.44323000000000      -0.143892345742233     
   5.18961375000000        2.74838375000000      -0.139004221741849     
   5.18961375000000        3.05353750000000      -0.133786067830863     
   5.18961375000000        3.35869125000000      -0.128221549278436     
   5.18961375000000        3.66384500000000      -0.122414534772789     
   5.18961375000000        3.96899875000000      -0.116524821983055     
   5.18961375000000        4.27415250000000      -0.110705412209527     
   5.18961375000000        4.57930625000000      -0.105069590724705     
   5.18961375000000        4.88446000000000      -9.968776756446938E-002
   5.18961375000000        5.18961375000000      -9.459755732321608E-002
   5.18961375000000        5.49476750000000      -8.981213493815751E-002
   5.18961375000000        5.79992125000000      -8.532312513999434E-002
   5.18961375000000        6.10507500000000      -8.110637703559731E-002
   5.18961375000000        6.41022875000000      -7.713810821954960E-002
   5.18961375000000        6.71538250000000      -7.341602231258305E-002
   5.18961375000000        7.02053625000000      -6.996638408227633E-002
   5.18961375000000        7.32569000000000      -6.681645475866779E-002
   5.49476750000000       2.000000000000000E-003 -0.148237045132776     
   5.49476750000000       0.307153750000000      -0.148178648490764     
   5.49476750000000       0.612307500000000      -0.147991123615238     
   5.49476750000000       0.917461250000000      -0.147272359628253     
   5.49476750000000        1.22261500000000      -0.145712870893477     
   5.49476750000000        1.52776875000000      -0.143545216154609     
   5.49476750000000        1.83292250000000      -0.141046001752770     
   5.49476750000000        2.13807625000000      -0.138242933575282     
   5.49476750000000        2.44323000000000      -0.135003075991248     
   5.49476750000000        2.74838375000000      -0.131190701363819     
   5.49476750000000        3.05353750000000      -0.126773827529995     
   5.49476750000000        3.35869125000000      -0.121841986880170     
   5.49476750000000        3.66384500000000      -0.116560157366828     
   5.49476750000000        3.96899875000000      -0.111112931180294     
   5.49476750000000        4.27415250000000      -0.105672332454097     
   5.49476750000000        4.57930625000000      -0.100384264402788     
   5.49476750000000        4.88446000000000      -9.535989503942129E-002
   5.49476750000000        5.18961375000000      -9.066725350249569E-002
   5.49476750000000        5.49476750000000      -8.632405325107480E-002
   5.49476750000000        5.79992125000000      -8.230006677984310E-002
   5.49476750000000        6.10507500000000      -7.853643603879641E-002
   5.49476750000000        6.41022875000000      -7.497544260729282E-002
   5.49476750000000        6.71538250000000      -7.159021509319428E-002
   5.49476750000000        7.02053625000000      -6.839888888850088E-002
   5.49476750000000        7.32569000000000      -6.543696460424860E-002
   5.79992125000000       2.000000000000000E-003 -0.128997016810957     
   5.79992125000000       0.307153750000000      -0.129548088049414     
   5.79992125000000       0.612307500000000      -0.130769316623622     
   5.79992125000000       0.917461250000000      -0.131938517491649     
   5.79992125000000        1.22261500000000      -0.132509838369689     
   5.79992125000000        1.52776875000000      -0.132244295452802     
   5.79992125000000        1.83292250000000      -0.131123897319954     
   5.79992125000000        2.13807625000000      -0.129329948765096     
   5.79992125000000        2.44323000000000      -0.126841045337176     
   5.79992125000000        2.74838375000000      -0.123633585040887     
   5.79992125000000        3.05353750000000      -0.119773539707559     
   5.79992125000000        3.35869125000000      -0.115399450147656     
   5.79992125000000        3.66384500000000      -0.110657927044179     
   5.79992125000000        3.96899875000000      -0.105683051943066     
   5.79992125000000        4.27415250000000      -0.100631135797743     
   5.79992125000000        4.57930625000000      -9.568117911916039E-002
   5.79992125000000        4.88446000000000      -9.099219008042597E-002
   5.79992125000000        5.18961375000000      -8.666816253879453E-002
   5.79992125000000        5.49476750000000      -8.273914781211987E-002
   5.79992125000000        5.79992125000000      -7.916551576380830E-002
   5.79992125000000        6.10507500000000      -7.586906030749370E-002
   5.79992125000000        6.41022875000000      -7.277613582866713E-002
   5.79992125000000        6.71538250000000      -6.979767544686930E-002
   5.79992125000000        7.02053625000000      -6.689557269104930E-002
   5.79992125000000        7.32569000000000      -6.412973838284956E-002
   6.10507500000000       2.000000000000000E-003 -0.118677937807179     
   6.10507500000000       0.307153750000000      -0.119445286472761     
   6.10507500000000       0.612307500000000      -0.121107484545350     
   6.10507500000000       0.917461250000000      -0.122561273635373     
   6.10507500000000        1.22261500000000      -0.123393558752313     
   6.10507500000000        1.52776875000000      -0.123492131545632     
   6.10507500000000        1.83292250000000      -0.122750059758210     
   6.10507500000000        2.13807625000000      -0.121218683755564     
   6.10507500000000        2.44323000000000      -0.118978377010439     
   6.10507500000000        2.74838375000000      -0.116094033055287     
   6.10507500000000        3.05353750000000      -0.112698895276691     
   6.10507500000000        3.35869125000000      -0.108942053797107     
   6.10507500000000        3.66384500000000      -0.104861602275088     
   6.10507500000000        3.96899875000000      -0.100424828237026     
   6.10507500000000        4.27415250000000      -9.574256483025040E-002
   6.10507500000000        4.57930625000000      -9.108798475276281E-002
   6.10507500000000        4.88446000000000      -8.668530010978000E-002
   6.10507500000000        5.18961375000000      -8.267312398474363E-002
   6.10507500000000        5.49476750000000      -7.909783027170841E-002
   6.10507500000000        5.79992125000000      -7.592488602688091E-002
   6.10507500000000        6.10507500000000      -7.313509768380853E-002
   6.10507500000000        6.41022875000000      -7.058288666280613E-002
   6.10507500000000        6.71538250000000      -6.803812896111200E-002
   6.10507500000000        7.02053625000000      -6.537374114174910E-002
   6.10507500000000        7.32569000000000      -6.276463310482590E-002
   6.41022875000000       2.000000000000000E-003 -0.115177282733927     
   6.41022875000000       0.307153750000000      -0.115714286643761     
   6.41022875000000       0.612307500000000      -0.116374092512846     
   6.41022875000000       0.917461250000000      -0.116631368378434     
   6.41022875000000        1.22261500000000      -0.116578560132844     
   6.41022875000000        1.52776875000000      -0.116120436353695     
   6.41022875000000        1.83292250000000      -0.115097157671785     
   6.41022875000000        2.13807625000000      -0.113459134270199     
   6.41022875000000        2.44323000000000      -0.111259244435335     
   6.41022875000000        2.74838375000000      -0.108581675625298     
   6.41022875000000        3.05353750000000      -0.105574563456942     
   6.41022875000000        3.35869125000000      -0.102485318843147     
   6.41022875000000        3.66384500000000      -9.925711625163194E-002
   6.41022875000000        3.96899875000000      -9.548302850925798E-002
   6.41022875000000        4.27415250000000      -9.114761699068386E-002
   6.41022875000000        4.57930625000000      -8.670175205393181E-002
   6.41022875000000        4.88446000000000      -8.252757882207096E-002
   6.41022875000000        5.18961375000000      -7.875638379776126E-002
   6.41022875000000        5.49476750000000      -7.544147649907995E-002
   6.41022875000000        5.79992125000000      -7.262667555940885E-002
   6.41022875000000        6.10507500000000      -7.035702320571059E-002
   6.41022875000000        6.41022875000000      -6.837995778858848E-002
   6.41022875000000        6.71538250000000      -6.627021093922519E-002
   6.41022875000000        7.02053625000000      -6.368123378643543E-002
   6.41022875000000        7.32569000000000      -6.112298360874847E-002
   6.71538250000000       2.000000000000000E-003 -0.114605397115967     
   6.71538250000000       0.307153750000000      -0.114049766352435     
   6.71538250000000       0.612307500000000      -0.111955867290630     
   6.71538250000000       0.917461250000000      -0.110738344747263     
   6.71538250000000        1.22261500000000      -0.110035451541231     
   6.71538250000000        1.52776875000000      -0.109121483138047     
   6.71538250000000        1.83292250000000      -0.107783538516728     
   6.71538250000000        2.13807625000000      -0.106023414887703     
   6.71538250000000        2.44323000000000      -0.103855279866271     
   6.71538250000000        2.74838375000000      -0.101240390926797     
   6.71538250000000        3.05353750000000      -9.845780988159980E-002
   6.71538250000000        3.35869125000000      -9.618742062634635E-002
   6.71538250000000        3.66384500000000      -9.418084767856737E-002
   6.71538250000000        3.96899875000000      -9.111505085312385E-002
   6.71538250000000        4.27415250000000      -8.699170867012866E-002
   6.71538250000000        4.57930625000000      -8.260902762591960E-002
   6.71538250000000        4.88446000000000      -7.858341120924604E-002
   6.71538250000000        5.18961375000000      -7.499288521694475E-002
   6.71538250000000        5.49476750000000      -7.183927578750220E-002
   6.71538250000000        5.79992125000000      -6.935000692609239E-002
   6.71538250000000        6.10507500000000      -6.753989620997818E-002
   6.71538250000000        6.41022875000000      -6.611383618375864E-002
   6.71538250000000        6.71538250000000      -6.447556504523691E-002
   6.71538250000000        7.02053625000000      -6.186875104266563E-002
   6.71538250000000        7.32569000000000      -5.918395936479501E-002
   7.02053625000000       2.000000000000000E-003 -0.109347492308612     
   7.02053625000000       0.307153750000000      -0.107524506641201     
   7.02053625000000       0.612307500000000      -0.102259056840973     
   7.02053625000000       0.917461250000000      -0.102456162807428     
   7.02053625000000        1.22261500000000      -0.102790051654469     
   7.02053625000000        1.52776875000000      -0.102162509892982     
   7.02053625000000        1.83292250000000      -0.100874051927358     
   7.02053625000000        2.13807625000000      -9.917216517433862E-002
   7.02053625000000        2.44323000000000      -9.709951907158187E-002
   7.02053625000000        2.74838375000000      -9.451754139421643E-002
   7.02053625000000        3.05353750000000      -9.199875088682817E-002
   7.02053625000000        3.35869125000000      -9.083073592004430E-002
   7.02053625000000        3.66384500000000      -9.039731598497956E-002
   7.02053625000000        3.96899875000000      -8.745418728649117E-002
   7.02053625000000        4.27415250000000      -8.335709902388473E-002
   7.02053625000000        4.57930625000000      -7.895195756094447E-002
   7.02053625000000        4.88446000000000      -7.492209162933278E-002
   7.02053625000000        5.18961375000000      -7.146426607325913E-002
   7.02053625000000        5.49476750000000      -6.843549318175365E-002
   7.02053625000000        5.79992125000000      -6.620666105124598E-002
   7.02053625000000        6.10507500000000      -6.473179551999786E-002
   7.02053625000000        6.41022875000000      -6.372581520452042E-002
   7.02053625000000        6.71538250000000      -6.261461429533283E-002
   7.02053625000000        7.02053625000000      -6.081203134782548E-002
   7.02053625000000        7.32569000000000      -5.838037014445024E-002
   7.32569000000000       2.000000000000000E-003 -0.103042763529674     
   7.32569000000000       0.307153750000000      -9.816497383443631E-002
   7.32569000000000       0.612307500000000      -9.323117787805357E-002
   7.32569000000000       0.917461250000000      -9.479708805311955E-002
   7.32569000000000        1.22261500000000      -9.581888229305012E-002
   7.32569000000000        1.52776875000000      -9.558617561167629E-002
   7.32569000000000        1.83292250000000      -9.457566233769595E-002
   7.32569000000000        2.13807625000000      -9.311939261401295E-002
   7.32569000000000        2.44323000000000      -9.127815437995825E-002
   7.32569000000000        2.74838375000000      -8.905186222990180E-002
   7.32569000000000        3.05353750000000      -8.718356431737651E-002
   7.32569000000000        3.35869125000000      -8.702972491296368E-002
   7.32569000000000        3.66384500000000      -8.707685157439631E-002
   7.32569000000000        3.96899875000000      -8.386439603739915E-002
   7.32569000000000        4.27415250000000      -8.011366454178860E-002
   7.32569000000000        4.57930625000000      -7.567108891533565E-002
   7.32569000000000        4.88446000000000      -7.160653480712523E-002
   7.32569000000000        5.18961375000000      -6.823906436480967E-002
   7.32569000000000        5.49476750000000      -6.535691294114315E-002
   7.32569000000000        5.79992125000000      -6.331884134665622E-002
   7.32569000000000        6.10507500000000      -6.208079519276052E-002
   7.32569000000000        6.41022875000000      -6.137780068762080E-002
   7.32569000000000        6.71538250000000      -6.070179528816377E-002
   7.32569000000000        7.02053625000000      -5.949890838710137E-002
   7.32569000000000        7.32569000000000      -5.793304267276303E-002
